0.5957 0.4612 1
0.83976 0.55853 1
0.46272 0.74388 1
0.51043 0.14273 1
0.57489 0.434 1
0.42334 0.45247 1
0.24657 0.41368 1
0.19253 0.18263 1
0.66993 0.11874 1
0.47626 0.68322 1
0.79352 0.40299 1
0.06253 0.44494 1
0.64765 0.45168 1
0.7274 0.36725 1
0.45314 0.28288 1
0.43139 0.43035 1
0.21707 0.19845 1
0.58907 0.39235 1
0.34338 0.31468 1
0.34644 0.42325 1
0.89833 0.59064 1
0.51024 0.46516 1
0.58778 0.76608 1
0.5911 0.82198 1
0.53363 0.5728 1
0.78597 0.38065 1
0.18841 0.54445 1
0.68817 0.33105 1
0.37912 0.31716 1
0.47156 0.3195 1
0.46022 0.55536 1
0.33526 0.50976 1
0.74656 0.44553 1
0.4695 0.47904 1
0.53253 0.34487 1
0.49403 0.49767 1
0.29859 0.30645 1
0.51374 0.46357 1
0.60805 0.31876 1
0.41315 0.68996 1
0.59681 0.26342 1
0.46147 0.71058 1
0.50232 0.71077 1
0.21333 0.49232 1
0.71893 0.62157 1
0.72537 0.49113 1
0.6808 0.49172 1
0.36333 0.45604 1
0.44935 0.38991 1
0.63328 0.37901 1
0.65538 0.27965 1
0.67214 0.55 1
0.4919 0.28966 1
0.35119 0.11175 1
0.41277 0.53216 1
0.40174 0.78531 1
0.49551 0.49945 1
0.77989 0.34245 1
0.45609 0.40026 1
0.65115 0.71157 1
0.48812 0.49093 1
0.67288 0.39245 1
0.56163 0.43707 1
0.45115 0.39925 1
0.80421 0.64734 1
0.59773 0.4947 1
0.37871 0.22317 1
0.28048 0.46258 1
0.51595 0.62771 1
0.38407 0.42234 1
0.45305 0.56368 1
0.39995 0.39839 1
0.59828 0.33339 1
0.4576 0.25463 1
0.52976 0.25075 1
0.45933 0.35367 1
0.51521 0.39812 1
0.53179 0.30558 1
0.79794 0.64437 1
0.27417 0.38783 1
0.4636 0.25198 1
0.45734 0.40866 1
0.39547 0.30899 1
0.54395 0.43634 1
0.58152 0.44633 1
0.59663 0.61978 1
0.49311 0.58846 1
0.49274 0.5282 1
0.43994 0.50719 1
0.7123 0.52602 1
0.32614 0.13639 1
0.38127 0.90187 1
0.4389 0.5052 1
0.82557 0.90227 1
0.45248 0.33841 1
0.37366 0.65646 1
0.53345 0.43025 1
0.48825 0.2672 1
0.47523 0.47904 1
0.38457 0.45683 1
0.66017 0.61007 1
0.49366 0.76707 1
0.48011 0.42391 1
0.4587 0.72822 1
0.49864 0.63644 1
0.12171 0.34277 1
0.37978 0.10415 1
0.39744 0.29434 1
0.78984 0.35914 1
0.63199 0.30227 1
0.29949 0.50223 1
0.74932 0.46833 1
0.4741 0.31151 1
0.52811 0.39663 1
0.3728 0.63168 1
0.53934 0.20747 1
0.80071 0.69908 1
0.55003 0.69273 1
0.25558 0.46476 1
0.5736 0.59481 1
0.67435 0.38014 1
0.43966 0.3258 1
0.55776 0.31222 1
0.21375 0.62395 1
0.46808 0.30582 1
0.23654 0.35718 1
0.59552 0.8087 1
0.4262 0.55377 1
0.53916 0.21663 1
0.26103 0.33201 1
0.53142 0.3077 1
0.49974 0.59976 1
0.40162 0.34578 1
0.38971 0.42296 1
0.55758 0.1887 1
0.49226 0.55972 1
0.56918 0.2512 1
0.49698 0.61185 1
0.42476 0.57855 1
0.72537 0.36685 1
0.46939 0.7308 1
0.46819 0.22551 1
0.61302 0.34911 1
0.19334 0.39915 1
0.16765 0.40309 1
0.58539 0.57003 1
0.40912 0.40083 1
0.65317 0.50501 1
0.33327 0.27699 1
0.06844 0.37984 1
0.6296 0.59203 1
0.40127 0.43172 1
0.32598 0.4832 1
0.24897 0.37702 1
0.47011 0.34991 1
0.31482 0.50897 1
0.64654 0.30009 1
0.43599 0.48142 1
0.52627 0.369 1
0.44752 0.35102 1
0.35552 0.17248 1
0.61578 0.61126 1
0.63236 0.18755 1
0.65483 0.65071 1
0.36331 0.43075 1
0.41829 0.45128 1
0.36313 0.6293 1
0.2726 0.3777 1
0.66956 0.41051 1
0.39899 0.15217 1
0.36543 0.33795 1
0.61302 0.68381 1
0.45101 0.4203 1
0.46714 0.20024 1
0.40046 0.45723 1
0.37166 0.51075 1
0.54266 0.57756 1
0.42557 0.5728 1
0.54524 0.44553 1
0.31507 0.53652 1
0.41796 0.20716 1
0.39956 0.52007 1
0.73035 0.28381 1
0.52829 0.62296 1
0.56697 0.34156 1
0.61099 0.20268 1
0.5655 0.40658 1
0.43251 0.38598 1
0.58502 0.41673 1
0.33005 0.3303 1
0.86941 0.37839 1
0.59902 0.44593 1
0.65115 0.35306 1
0.45366 0.45426 1
0.66901 0.28776 1
0.65317 0.41631 1
0.41043 0.7189 1
0.48805 0.27511 1
0.20493 0.294 1
0.57876 0.50501 1
0.69609 0.38349 1
0.4019 0.44514 1
0.37418 0.52443 1
0.42634 0.42666 1
0.95745 0.63148 1
0.42054 0.41836 1
0.73035 0.30318 1
0.43738 0.25114 1
0.44312 0.43477 1
0.47156 0.26591 1
0.49223 0.46536 1
0.50914 0.36521 1
0.48431 0.16555 1
0.43045 0.31593 1
0.49086 0.52701 1
0.72814 0.37492 1
0.27785 0.41489 1
0.48125 0.31724 1
0.46403 0.34041 1
0.39229 0.51393 1
0.53824 0.44435 1
0.56402 0.67826 1
0.2414 0.40165 1
0.65391 0.35193 1
0.21998 0.49549 1
0.335 0.31024 1
0.46946 0.45386 1
0.39987 0.3868 1
0.73606 0.48082 1
0.53198 0.60115 1
0.34243 0.58053 1
0.39405 0.46258 1
0.56237 0.71969 1
0.30006 0.41937 1
0.63383 0.44038 1
0.30804 0.47884 1
0.4641 0.47884 1
0.51908 0.64159 1
0.48681 0.2246 1
0.52995 0.31854 1
0.49643 0.52086 1
0.61154 0.50401 1
0.5025 0.61166 1
0.45008 0.23657 1
0.59681 0.46734 1
0.50379 0.35813 1
0.36646 0.38908 1
0.49827 0.33074 1
0.37982 0.49648 1
0.66164 0.54009 1
0.49293 0.31676 1
0.46127 0.44355 1
0.47237 0.20858 1
0.6051 0.32891 1
0.61283 0.45604 1
0.40507 0.47983 1
0.45543 0.37673 1
0.65225 0.5613 1
0.55795 0.83963 1
0.58447 0.66022 1
0.62812 0.35932 1
0.38068 0.5391 1
0.77584 0.47745 1
0.54026 0.28845 1
0.57452 0.42363 1
0.57931 0.46179 1
0.62904 0.38674 1
0.48517 0.78313 1
0.39575 0.26286 1
0.31962 0.35589 1
0.45029 0.1838 1
0.62186 0.45069 1
0.52866 0.4267 1
0.85541 0.75022 1
0.3567 0.4206 1
0.55831 0.50421 1
0.33296 0.48161 1
0.81378 0.4939 1
0.27527 0.39645 1
0.52424 0.27343 1
0.48289 0.42926 1
0.52663 0.43247 1
0.7158 0.31514 1
0.63715 0.57637 1
0.34954 0.45525 1
0.56181 0.47765 1
0.52958 0.58232 1
0.26671 0.31736 1
0.29115 0.33571 1
0.31563 0.48855 1
0.61394 0.46298 1
0.45964 0.34398 1
0.56771 0.36319 1
0.58778 0.40692 1
0.50693 0.26443 1
0.47036 0.37076 1
0.52774 0.52622 1
0.40733 0.28215 1
0.55021 0.33538 1
0.37915 0.35682 1
0.61283 0.44296 1
0.50398 0.54049 1
0.51577 0.44553 1
0.548 0.44256 1
0.46758 0.43679 1
0.66017 0.50084 1
0.15779 0.43358 1
0.51945 0.32552 1
0.44025 0.45723 1
0.47652 0.57617 1
0.51577 0.5171 1
0.555 0.62078 1
0.68964 0.41402 1
0.59699 0.5169 1
0.49698 0.43439 1
0.58189 0.65606 1
0.27582 0.54247 1
0.36541 0.25767 1
0.58373 0.35236 1
0.47268 0.41489 1
0.65649 0.52602 1
0.29868 0.4386 1
0.4021 0.30346 1
0.39159 0.36398 1
0.45384 0.54465 1
0.45417 0.36019 1
0.62573 0.50203 1
0.49348 0.71533 1
0.69277 0.34093 1
0.45791 0.44296 1
0.66993 0.57677 1
0.38923 0.49133 1
0.41142 0.24209 1
0.31425 0.46437 1
0.66846 0.33175 1
0.38477 0.7526 1
0.42579 0.48994 1
0.49716 0.48082 1
0.55629 0.387 1
0.46736 0.23404 1
0.55629 0.32556 1
0.64525 0.51075 1
0.5736 0.67906 1
0.42028 0.36236 1
0.68025 0.4723 1
0.37331 0.25973 1
0.52958 0.70641 1
0.57084 0.45327 1
0.33235 0.3144 1
0.59663 0.32521 1
0.50361 0.48934 1
0.22786 0.10976 1
0.59018 0.51769 1
0.26039 0.36531 1
0.65925 0.5736 1
0.4084 0.34509 1
0.43798 0.48439 1
0.43377 0.35445 1
0.52313 0.5623 1
0.66938 0.46556 1
0.47792 0.65051 1
0.50564 0.36582 1
0.48596 0.34043 1
0.58355 0.43445 1
0.66828 0.44653 1
0.39433 0.28669 1
0.38065 0.66181 1
0.58944 0.28722 1
0.60823 0.29422 1
0.38492 0.51393 1
0.4182 0.40593 1
0.57858 0.37453 1
0.54561 0.42111 1
0.38755 0.5619 1
0.77824 0.39566 1
0.51374 0.45346 1
0.68669 0.39923 1
0.60105 0.32084 1
0.34445 0.4204 1
0.61265 0.20533 1
0.51356 0.28159 1
0.37716 0.30271 1
0.32985 0.37544 1
0.74103 0.28625 1
0.42859 0.39899 1
0.33215 0.31087 1
0.52406 0.75934 1
0.3635 0.41398 1
0.55776 0.51155 1
0.38928 0.45426 1
0.27536 0.33496 1
0.48372 0.34523 1
0.66257 0.51115 1
0.47329 0.42341 1
0.55924 0.40208 1
0.59165 0.36755 1
0.53934 0.40668 1
0.46889 0.47428 1
0.22082 0.42748 1
0.50435 0.18073 1
0.69388 0.59461 1
0.58999 0.21255 1
0.38101 0.33573 1
0.37891 0.54366 1
0.22534 0.32372 1
0.58428 0.55238 1
0.14897 0.34045 1
0.37823 0.57042 1
0.58042 0.06014 1
0.48674 0.33387 1
0.41234 0.56011 1
0.4832 0.47844 1
0.37144 0.84161 1
0.41457 0.36719 1
0.46937 0.33617 1
0.34788 0.33734 1
0.5165 0.35887 1
0.20384 0.36682 1
0.57434 0.40442 1
0.50637 0.14424 1
0.47484 0.75835 1
0.55518 0.17649 1
0.32246 0.34305 1
0.55831 0.53534 1
0.48797 0.2408 1
0.61026 0.5615 1
0.50766 0.45188 1
0.58871 0.48042 1
0.34699 0.41895 1
0.29653 0.22502 1
0.51282 0.6634 1
0.4166 0.31282 1
0.62886 0.39839 1
0.44082 0.45446 1
0.56145 0.73694 1
0.428 0.56269 1
0.82318 0.55992 1
0.56973 0.4941 1
0.4904 0.31962 1
0.49624 0.4043 1
0.76718 0.50223 1
0.53198 0.49232 1
0.41041 0.28324 1
0.40973 0.44593 1
0.52129 0.36158 1
0.64138 0.22752 1
0.51687 0.3299 1
0.62665 0.73654 1
0.77068 0.3344 1
0.569 0.38622 1
0.38868 0.62415 1
0.52811 0.39891 1
0.76405 0.43043 1
0.63273 0.5171 1
0.52884 0.51512 1
0.81728 0.3434 1
0.60491 0.28637 1
0.64894 0.33674 1
0.24766 0.38297 1
0.33379 0.461 1
0.36893 0.34475 1
0.61394 0.10899 1
0.37486 0.51571 1
0.49753 0.58073 1
0.37311 0.43457 1
0.47661 0.5956 1
0.36838 0.41407 1
0.44294 0.82516 1
0.47066 0.348 1
0.43566 0.54763 1
0.45029 0.2449 1
0.43623 0.2515 1
0.48178 0.27232 1
0.73016 0.28147 1
0.44874 0.47626 1
0.66238 0.36906 1
0.68098 0.44117 1
0.50287 0.64555 1
0.4488 0.72207 1
0.40588 0.63703 1
0.49403 0.21269 1
0.7705 0.39786 1
0.49956 0.46873 1
0.36867 0.22866 1
0.42373 0.18935 1
0.38783 0.47349 1
0.3127 0.29254 1
0.59791 0.41614 1
0.62315 0.50719 1
0.33804 0.41469 1
0.57287 0.61978 1
0.45661 0.45624 1
0.47666 0.1415 1
0.61725 0.59064 1
0.51429 0.43919 1
0.48681 0.22274 1
0.52424 0.30386 1
0.6493 0.67886 1
0.58005 0.57459 1
0.44635 0.3639 1
0.43876 0.54981 1
0.47563 0.47111 1
0.6948 0.3241 1
0.45366 0.4158 1
0.46003 0.28108 1
0.76424 0.61522 1
0.62536 0.58628 1
0.55831 0.28744 1
0.38792 0.41374 1
0.48375 0.25192 1
0.5631 0.60888 1
0.73348 0.55992 1
0.69001 0.51531 1
0.4723 0.49053 1
0.59276 0.24173 1
0.56587 0.54723 1
0.44391 0.42813 1
0.58963 0.29081 1
0.52295 0.64595 1
0.41802 0.37544 1
0.65096 0.41076 1
0.38952 0.32945 1
0.40884 0.34023 1
0.46801 0.52582 1
0.65391 0.61701 1
0.51227 0.59699 1
0.59073 0.33534 1
0.54929 0.59778 1
0.34723 0.58212 1
0.4156 0.28146 1
0.59055 0.63307 1
0.63715 0.65547 1
0.49226 0.51769 1
0.69204 0.42157 1
0.5235 0.58133 1
0.54653 0.61701 1
0.7891 0.48221 1
0.3933 0.47111 1
0.45975 0.34806 1
0.51761 0.22212 1
0.47165 0.62117 1
0.44673 0.39921 1
0.4208 0.93597 1
0.61044 0.48697 1
0.52645 0.42028 1
0.63954 0.53732 1
0.35138 0.73377 1
0.53861 0.6176 1
0.58042 0.60056 1
0.5364 0.6067 1
0.57194 0.53395 1
0.76019 0.45743 1
0.43454 0.39144 1
0.44458 0.43073 1
0.32655 0.51452 1
0.44644 0.30342 1
0.4881 0.5282 1
0.42614 0.4493 1
0.38046 0.29275 1
0.50158 0.67232 1
0.46447 0.17562 1
0.70198 0.75002 1
0.60215 0.33912 1
0.56071 0.17827 1
0.90238 0.66696 1
0.36132 0.43211 1
0.28376 0.21784 1
0.75798 0.26173 1
0.46084 0.33486 1
0.3931 0.56765 1
0.65096 0.32011 1
0.31592 0.40898 1
0.46937 0.3616 1
0.3171 0.48558 1
0.37028 0.34374 1
0.6226 0.45505 1
0.50932 0.3928 1
0.36738 0.84022 1
0.45937 0.4118 1
0.40389 0.48855 1
0.38777 0.55476 1
0.31644 0.54525 1
0.41492 0.50005 1
0.51171 0.57003 1
0.47 0.43624 1
0.56531 0.35996 1
0.43017 0.38507 1
0.61615 0.37036 1
0.61026 0.61185 1
0.56218 0.362 1
0.43574 0.38787 1
0.57121 0.36281 1
0.5725 0.58708 1
0.78284 0.6176 1
0.42104 0.44197 1
0.67399 0.37665 1
0.56587 0.3146 1
0.5771 0.39956 1
0.69296 0.30816 1
0.5946 0.53454 1
0.5119 0.1689 1
0.72003 0.51432 1
0.38483 0.3869 1
0.63623 0.47527 1
0.57784 0.49549 1
0.52092 0.53058 1
0.57544 0.36773 1
0.70401 0.1419 1
0.36551 0.59738 1
0.23924 0.07523 1
0.38046 0.47567 1
0.61412 0.3328 1
0.48178 0.55318 1
0.4581 0.78531 1
0.66238 0.38269 1
0.24643 0.35782 1
0.42951 0.618 1
0.62683 0.52463 1
0.38532 0.43309 1
0.53713 0.64159 1
0.3798 0.21193 1
0.56918 0.46476 1
0.4704 0.4608 1
0.60418 0.16614 1
0.22536 0.3081 1
0.66146 0.59025 1
0.38486 0.63921 1
0.40367 0.52384 1
0.50656 0.52146 1
0.50416 0.39415 1
0.52719 0.35147 1
0.46163 0.6626 1
0.62168 0.5278 1
0.52608 0.30584 1
0.65962 0.36795 1
0.65833 0.43194 1
0.41746 0.46159 1
0.45583 0.54604 1
0.56771 0.55793 1
0.56918 0.71474 1
0.60031 0.41784 1
0.50619 0.47983 1
0.5259 0.30185 1
0.28231 0.13236 1
0.8556 0.34897 1
0.67435 0.20648 1
0.60068 0.53692 1
0.39335 0.38892 1
0.57581 0.48042 1
0.67417 0.48479 1
0.45438 0.40737 1
0.69222 0.39302 1
0.54579 0.71315 1
0.47727 0.73 1
0.66514 0.64516 1
0.49403 0.33746 1
0.55887 0.62514 1
0.38989 0.36237 1
0.43651 0.43384 1
0.52553 0.37197 1
0.29912 0.39659 1
0.52461 0.39084 1
0.34219 0.44335 1
0.46161 0.47249 1
0.66109 0.42508 1
0.47653 0.66835 1
0.69167 0.43455 1
0.37278 0.52959 1
0.55076 0.55496 1
0.541 0.49291 1
0.77584 0.47269 1
0.80273 0.54049 1
0.35878 0.60036 1
0.85799 0.6289 1
0.43979 0.49549 1
0.28885 0.46813 1
0.50508 0.28877 1
0.35339 0.44653 1
0.4066 0.52681 1
0.25807 0.39146 1
0.56495 0.21629 1
0.41209 0.57399 1
0.57471 0.08792 1
0.48674 0.33506 1
0.64415 0.30962 1
0.45423 0.4836 1
0.3926 0.3623 1
0.56568 0.71196 1
0.56439 0.17082 1
0.35046 0.46159 1
0.46832 0.51075 1
0.53953 0.57399 1
0.28172 0.46655 1
0.64562 0.3957 1
0.52645 0.81425 1
0.48375 0.29382 1
0.30879 0.60591 1
0.46445 0.32978 1
0.44224 0.47091 1
0.38267 0.49172 1
0.53271 0.16263 1
0.59607 0.29817 1
0.40687 0.21931 1
0.48878 0.5054 1
0.20123 0.45465 1
0.36639 0.42177 1
0.4944 0.55813 1
0.62849 0.40694 1
0.65851 0.66518 1
0.64544 0.23223 1
0.41358 0.64655 1
0.70824 0.30522 1
0.37663 0.54882 1
0.50932 0.4315 1
0.60049 0.63366 1
0.55592 0.35248 1
0.31016 0.27002 1
0.30504 0.38668 1
0.24278 0.38026 1
0.55887 0.50362 1
0.43533 0.27719 1
0.61449 0.50382 1
0.63181 0.34122 1
0.48781 0.3933 1
0.56366 0.43207 1
0.48991 0.44514 1
0.76129 0.43015 1
0.41196 0.33264 1
0.52903 0.3928 1
0.5224 0.51908 1
0.64157 0.17356 1
0.4285 0.4723 1
0.70861 0.51373 1
0.61302 0.54009 1
0.46987 0.2449 1
0.54468 0.3955 1
0.47152 0.40739 1
0.5095 0.50838 1
0.56697 0.34493 1
0.51613 0.82853 1
0.58999 0.49232 1
0.28444 0.37391 1
0.58484 0.66895 1
0.55205 0.43394 1
0.28111 0.42962 1
0.39971 0.48082 1
0.51982 0.63386 1
0.5957 0.57697 1
0.41249 0.47844 1
0.35442 0.29983 1
0.36696 0.68857 1
0.18712 0.19895 1
0.72795 0.64159 1
0.64949 0.53434 1
0.64857 0.32667 1
0.65833 0.31686 1
0.38087 0.45128 1
0.68098 0.81247 1
0.46508 0.49371 1
0.61891 0.57736 1
0.7204 0.82853 1
0.53253 0.49767 1
0.47397 0.39536 1
0.43091 0.31395 1
0.6097 0.49628 1
0.56421 0.39929 1
0.40709 0.64932 1
0.38324 0.506 1
0.33845 0.18666 1
0.29034 0.30223 1
0.58447 0.19453 1
0.54837 0.55932 1
0.4042 0.37855 1
0.23293 0.57994 1
0.37608 0.35478 1
0.59755 0.44514 1
0.64267 0.58232 1
0.45762 0.26181 1
0.53584 0.4333 1
0.50103 0.2293 1
0.52295 0.39272 1
0.22014 0.52562 1
0.29758 0.62811 1
0.53179 0.59163 1
0.36705 0.17352 1
0.67712 0.43307 1
0.41339 0.28758 1
0.46228 0.63624 1
0.58465 0.20654 1
0.56937 0.5502 1
0.45462 0.48221 1
0.45362 0.32542 1
0.57102 0.54366 1
0.54303 0.77084 1
0.45062 0.595 1
0.55629 0.26078 1
0.66275 0.42755 1
0.25247 0.05299 1
0.6493 0.48003 1
0.53842 0.40258 1
0.42456 0.50322 1
0.65317 0.33268 1
0.52811 0.48816 1
0.53953 0.51075 1
0.52774 0.37413 1
0.51098 0.40101 1
0.55039 0.64536 1
0.51208 0.54882 1
0.2167 0.39619 1
0.50619 0.47071 1
0.68006 0.46893 1
0.59478 0.42127 1
0.66275 0.3841 1
0.62186 0.95262 1
0.52682 0.43919 1
0.25216 0.21374 1
0.35884 0.43761 1
0.38197 0.65428 1
0.6097 0.48954 1
0.506 0.28221 1
0.23932 0.27065 1
0.53916 0.54445 1
0.59755 0.40105 1
0.555 0.48816 1
0.69038 0.90187 1
0.10552 0.26447 1
0.40612 0.43156 1
0.56384 0.57082 1
0.68817 0.66082 1
0.27059 0.43998 1
0.3597 0.4117 1
0.40663 0.52106 1
0.52829 0.46734 1
0.69811 0.30493 1
0.54468 0.44831 1
0.4462 0.27198 1
0.43207 0.30409 1
0.6762 0.84676 1
0.53069 0.41526 1
0.562 0.52582 1
0.41028 0.27299 1
0.26015 0.40535 1
0.49048 0.63723 1
0.37407 0.32612 1
0.35926 0.72168 1
0.65428 0.40394 1
0.59791 0.27315 1
0.55924 0.64119 1
0.60528 0.6293 1
0.28713 0.40458 1
0.53861 0.40307 1
0.48136 0.41298 1
0.50895 0.32467 1
0.84197 0.56011 1
0.48206 0.66003 1
0.56531 0.64337 1
0.60676 0.30558 1
0.37606 0.22492 1
0.31316 0.57796 1
0.62702 0.58787 1
0.34316 0.46675 1
0.38925 0.39687 1
0.70861 0.5171 1
0.56016 0.0 1
0.5596 0.46655 1
0.65465 0.15445 1
0.33381 0.62593 1
0.31087 0.19108 1
0.53934 0.46457 1
0.34456 0.48974 1
0.51927 0.51769 1
0.37077 0.56547 1
0.67785 0.58787 1
0.50306 0.54763 1
0.38039 0.5619 1
0.58539 0.2611 1
0.27772 0.43519 1
0.4641 0.14983 1
0.70677 0.55238 1
0.5364 0.58688 1
0.56071 0.19189 1
0.60307 0.35839 1
0.29621 0.23542 1
0.64212 0.5052 1
0.15931 0.49807 1
0.40861 0.43422 1
0.72427 0.81604 1
0.31784 0.60115 1
0.70346 0.27069 1
0.52074 0.43303 1
0.39223 0.54743 1
0.56273 0.48479 1
0.33651 0.39118 1
0.45808 0.64714 1
0.32237 0.54901 1
0.5025 0.53236 1
0.84197 0.47487 1
0.37319 0.40071 1
0.48237 0.4719 1
0.49974 0.26155 1
0.38083 0.48875 1
0.70456 0.4023 1
0.45847 0.663 1
0.54616 0.45327 1
0.42533 0.46655 1
0.57986 0.70602 1
0.54542 0.49767 1
0.57379 0.51155 1
0.40402 0.4024 1
0.47198 0.44435 1
0.41343 0.62811 1
0.41201 0.46298 1
0.45777 0.49371 1
0.66036 0.71732 1
0.87567 0.32301 1
0.30246 0.27555 1
0.49643 0.58093 1
0.56273 0.45584 1
0.34989 0.281 1
0.4979 0.33393 1
0.37643 0.27109 1
0.38923 0.51056 1
0.34079 0.50401 1
0.25746 0.43539 1
0.60049 0.28013 1
0.6272 0.49113 1
0.5049 0.21213 1
0.69535 0.53058 1
0.35642 0.2358 1
0.65078 0.46952 1
0.4096 0.34999 1
0.69314 0.56507 1
0.28326 0.30641 1
0.59313 0.27664 1
0.43999 0.48221 1
0.2449 0.20825 1
0.62204 0.55952 1
0.58042 0.39867 1
0.42417 0.30425 1
0.48552 0.50084 1
0.46732 0.19927 1
0.65022 0.63445 1
0.45502 0.34767 1
0.45683 0.52047 1
0.67067 0.3121 1
0.37925 0.55833 1
0.43226 0.52503 1
0.55021 0.31268 1
0.3457 0.50203 1
0.65428 0.43683 1
0.5655 0.23846 1
0.33661 0.13551 1
0.43798 0.5839 1
0.17936 0.33012 1
0.3984 0.34011 1
0.29817 0.50342 1
0.50435 0.56051 1
0.39829 0.21243 1
0.58171 0.43681 1
0.448 0.07741 1
0.52406 0.45525 1
0.47908 0.35391 1
0.39453 0.74923 1
0.48569 0.53276 1
0.47624 0.5506 1
0.56826 0.21049 1
0.55095 0.0632 1
0.56992 0.38527 1
0.58999 0.73536 1
0.47547 0.43681 1
0.48294 0.41616 1
0.6272 0.50322 1
0.51392 0.23836 1
0.53732 0.56071 1
0.37637 0.32249 1
0.54487 0.38844 1
0.60086 0.45366 1
0.38339 0.32507 1
0.49514 0.4495 1
0.541 0.33432 1
0.54726 0.409 1
0.3704 0.27119 1
0.42642 0.24952 1
0.48224 0.45644 1
0.62628 0.6287 1
0.6296 0.25989 1
0.24396 0.28187 1
0.60326 0.61047 1
0.22694 0.46932 1
0.44821 0.50183 1
0.62057 0.60492 1
0.74508 0.42381 1
0.33215 0.65348 1
0.66349 0.31958 1
0.5981 0.42755 1
0.73514 0.54663 1
0.33985 0.42337 1
0.44876 0.42353 1
0.53198 0.67668 1
0.62831 0.59005 1
0.35081 0.26905 1
0.27164 0.40777 1
0.36552 0.4289 1
0.5585 0.64119 1
0.42975 0.25027 1
0.50232 0.47606 1
0.58999 0.58965 1
0.48462 0.55337 1
0.54229 0.45426 1
0.62186 0.49608 1
0.34681 0.3376 1
0.0 0.41855 1
0.58023 0.47071 1
0.53492 0.52959 1
0.64046 0.6745 1
0.6272 0.40448 1
0.53032 0.43223 1
0.44075 0.49034 1
0.39385 0.22333 1
0.77197 0.33726 1
0.6062 0.2964 1
0.9499 0.55912 1
0.44955 0.35246 1
0.64544 0.24962 1
0.57047 0.41947 1
0.68412 0.59223 1
0.79942 0.53613 1
0.32091 0.30225 1
0.60307 0.72366 1
0.65022 0.15573 1
0.50177 0.42212 1
0.20778 0.30156 1
0.34742 0.2921 1
0.55887 0.36804 1
0.7856 0.43539 1
0.56384 0.39229 1
0.5981 0.43646 1
0.76313 0.66478 1
0.61947 0.45505 1
0.49477 0.39169 1
0.39689 0.398 1
0.48779 0.60016 1
0.49079 0.47547 1
0.6062 0.35879 1
0.76369 0.41017 1
0.30774 0.47606 1
0.29188 0.4162 1
0.78008 0.45346 1
0.54947 0.70621 1
0.50306 0.3008 1
0.51853 0.44335 1
0.40424 0.57835 1
0.58134 0.46238 1
0.62941 0.55417 1
0.41319 0.46417 1
0.51356 0.43733 1
0.61615 0.53434 1
0.34624 0.39673 1
0.44784 0.4493 1
0.36258 0.13099 1
0.36153 0.53137 1
0.56623 0.59738 1
0.58502 0.63168 1
0.32918 0.45109 1
0.60823 0.32203 1
0.81507 0.47646 1
0.42266 0.53137 1
0.4152 0.59124 1
0.3309 0.69928 1
0.42399 0.483 1
0.5329 0.25109 1
0.61283 0.71751 1
0.62389 0.37593 1
0.56771 0.41505 1
0.62407 0.57677 1
0.74508 0.63227 1
0.51024 0.65229 1
0.43172 0.48082 1
0.40533 0.40268 1
0.56237 0.23445 1
0.42515 0.36911 1
0.51098 0.42411 1
0.47884 0.56884 1
0.49256 0.66042 1
0.48228 0.46318 1
0.4721 0.33569 1
0.39378 0.54981 1
0.65022 0.51868 1
0.26818 0.38604 1
0.27838 0.29856 1
0.52277 0.13557 1
0.43671 0.51868 1
0.86388 0.3735 1
0.54137 0.54584 1
0.52737 0.43731 1
0.65078 0.32043 1
0.32357 0.51175 1
0.38011 0.43205 1
0.62112 0.5163 1
0.67085 0.2472 1
0.80163 0.68421 1
0.48433 0.17447 1
0.48707 0.1552 1
0.61136 0.43731 1
0.45338 0.25818 1
0.72887 0.64298 1
0.50821 0.18244 1
0.59884 0.10475 1
0.3868 0.21334 1
0.63531 0.60789 1
0.46495 0.56487 1
0.40886 0.36838 1
0.47464 0.551 1
0.78266 0.53831 1
0.42205 0.42123 1
0.69093 0.41604 1
0.76111 0.44296 1
0.49864 0.51987 1
0.53676 0.24787 1
0.64636 0.66538 1
0.72924 0.30215 1
0.48224 0.47963 1
0.43907 0.30909 1
0.59865 0.67172 1
0.46198 0.43269 1
0.40938 0.60412 1
0.55408 0.60313 1
0.67399 0.23085 1
0.61302 0.4294 1
0.5364 0.38228 1
0.59331 0.40731 1
0.29246 0.70047 1
0.35051 0.28891 1
0.47919 0.37863 1
0.65814 0.45188 1
0.6959 0.46417 1
0.5725 0.52265 1
0.51245 0.46417 1
0.5806 0.5952 1
0.54045 0.5058 1
0.55868 0.59421 1
0.37602 0.61998 1
0.69443 0.56031 1
0.37586 0.67807 1
0.66606 0.39667 1
0.53013 0.42418 1
0.74214 0.47408 1
0.47303 0.32211 1
0.39829 0.36989 1
0.22434 0.52086 1
0.48309 0.60353 1
0.60141 0.3418 1
0.59092 0.3815 1
0.67362 0.45624 1
0.58392 0.22722 1
0.40494 0.40622 1
0.45001 0.59104 1
0.58226 0.42876 1
0.53787 0.65923 1
0.55997 0.44573 1
0.62444 0.50144 1
0.43671 0.56884 1
0.7786 0.63703 1
0.6843 0.34808 1
0.47035 0.46952 1
0.23484 0.51214 1
0.45777 0.27941 1
0.51761 0.59619 1
0.45723 0.50421 1
0.45804 0.28352 1
0.52737 0.00763 1
0.69572 0.54663 1
0.38129 0.49192 1
0.56181 0.14501 1
0.4557 0.41814 1
0.41387 0.26611 1
0.47189 0.56705 1
0.55371 0.54921 1
0.43927 0.53553 1
0.43423 0.37086 1
0.47615 0.49886 1
0.73661 0.60809 1
0.16093 0.38819 1
0.45283 0.3843 1
0.37814 0.4294 1
0.47493 0.67232 1
0.4317 0.50223 1
0.49864 0.39984 1
0.50048 0.72326 1
0.62481 0.33343 1
0.49551 0.52562 1
0.59681 0.42476 1
0.40641 0.4244 1
0.38571 0.27464 1
0.21117 0.31024 1
0.41304 0.48637 1
0.43297 0.31218 1
0.63402 0.58945 1
0.5364 0.2224 1
0.49882 0.28064 1
0.47782 0.59203 1
0.40207 0.32219 1
0.40091 0.36711 1
0.51595 0.24381 1
0.57692 0.19786 1
0.51208 0.40866 1
0.46924 0.45049 1
0.29516 0.39429 1
0.42061 0.36053 1
0.33762 0.41992 1
0.60676 0.44117 1
0.4933 0.33833 1
0.50195 0.3462 1
0.35891 0.27832 1
0.49772 0.55893 1
0.31281 0.44058 1
0.44292 0.53058 1
0.56844 0.64318 1
0.53492 0.17798 1
0.79573 0.30064 1
0.37923 0.44613 1
0.4827 0.25307 1
0.60252 0.59421 1
0.63512 0.47824 1
0.49016 0.40262 1
0.6051 0.5391 1
0.54579 0.40466 1
0.62149 0.27947 1
0.54597 0.54366 1
0.36335 0.49232 1
0.41214 0.51809 1
0.47141 0.56785 1
0.35644 0.39276 1
0.32671 0.33191 1
0.56439 0.58311 1
0.67399 0.36394 1
0.61578 0.36283 1
0.54782 0.41033 1
0.60805 0.25991 1
0.63936 0.34558 1
0.6854 0.41538 1
0.59257 0.5056 1
0.39523 0.41362 1
0.41175 0.44454 1
0.44565 0.51214 1
0.43758 0.53157 1
0.6226 0.5167 1
0.38201 0.07378 1
0.3395 0.23834 1
0.3986 0.65031 1
0.45307 0.50421 1
0.55518 0.57875 1
0.44472 0.35542 1
0.63862 0.53434 1
0.50416 0.39883 1
0.68062 0.29038 1
0.36289 0.39483 1
0.49022 0.57003 1
0.47631 0.56348 1
0.68209 0.67053 1
0.37296 0.37714 1
0.65833 0.38275 1
0.45451 0.38371 1
0.3877 0.66776 1
0.5399 0.41263 1
0.46686 0.46318 1
0.45115 0.37921 1
0.41898 0.36404 1
0.57636 0.42821 1
0.35132 0.39278 1
0.49827 0.65329 1
0.43242 0.46377 1
0.45384 0.34935 1
0.42384 0.54426 1
0.40991 0.3465 1
0.41781 0.37556 1
0.55187 0.40823 1
0.26177 0.38541 1
0.42992 0.22242 1
0.33535 0.35754 1
0.47624 0.36741 1
0.53934 0.36006 1
0.52424 0.25132 1
0.53253 0.77302 1
0.16986 0.3148 1
0.38693 0.28201 1
0.13636 0.71474 1
0.55924 0.48379 1
0.67325 0.22976 1
0.41415 0.39974 1
0.33108 0.6624 1
0.42887 0.52919 1
0.44577 0.32303 1
0.58207 0.46179 1
0.55684 0.39219 1
0.49112 0.57399 1
0.54413 0.5173 1
0.68412 0.56765 1
0.62094 0.1978 1
0.29824 0.36791 1
0.72685 0.56765 1
0.4573 0.42545 1
0.6167 0.4271 1
0.45637 0.51789 1
0.33119 0.25598 1
0.19708 0.46893 1
0.45143 0.38006 1
0.56255 0.26066 1
0.71616 0.44078 1
0.48536 0.55972 1
0.81876 0.76569 1
0.69093 0.51095 1
0.51356 0.41978 1
0.63217 0.53652 1
0.41881 0.33859 1
0.58999 0.54386 1
0.50545 0.41116 1
0.61854 0.34376 1
0.67638 0.08736 1
0.53547 0.5054 1
0.32817 0.65388 1
0.5165 0.68599 1
0.59902 0.78987 1
0.35486 0.31026 1
0.49125 0.54882 1
0.49661 0.3645 1
0.37484 0.09961 1
0.70438 0.26318 1
0.65557 0.35722 1
0.54247 0.28724 1
0.37506 0.2497 1
0.66036 0.39806 1
0.58613 0.33924 1
0.59386 0.4265 1
0.48593 0.39403 1
0.3127 0.62315 1
0.66791 0.46139 1
0.56531 0.40222 1
0.4804 0.38004 1
0.44161 0.5282 1
0.66201 0.30847 1
0.33451 0.53395 1
0.57563 0.62078 1
0.45988 0.26429 1
0.53216 0.28812 1
0.5364 0.52186 1
0.56071 0.31946 1
0.35609 0.32487 1
0.51098 0.26696 1
0.32944 0.328 1
0.43907 0.63723 1
0.45837 0.52503 1
0.65686 0.71811 1
0.77087 0.83348 1
0.74545 0.69293 1
0.27603 0.29287 1
0.78155 0.50798 1
0.6342 0.49331 1
0.6167 0.22159 1
0.42297 0.64278 1
0.48523 0.35022 1
0.54395 0.33042 1
0.40794 0.76747 1
0.68854 0.551 1
0.49551 0.35904 1
0.49643 0.66201 1
0.63107 0.58232 1
0.22256 0.20434 1
0.50435 0.42232 1
0.49587 0.25991 1
0.20589 0.6961 1
0.49661 0.51948 1
0.67601 0.29178 1
0.78229 0.5617 1
0.29505 0.46853 1
0.39702 0.58311 1
0.56292 0.54763 1
0.57563 0.3482 1
0.49348 0.7978 1
0.52645 0.30901 1
0.47611 0.36547 1
0.50527 0.36222 1
0.31091 0.2805 1
0.34171 0.33484 1
0.68669 0.45029 1
0.39451 0.4245 1
0.39188 0.45247 1
0.50416 0.58192 1
0.60326 0.25743 1
0.50564 0.20476 1
0.56623 0.375 1
0.57821 0.63049 1
0.46707 0.28508 1
0.28317 0.28925 1
0.57047 0.61443 1
0.63181 0.27753 1
0.52387 0.55714 1
0.4014 0.45346 1
0.35991 0.28332 1
0.70603 0.67965 1
0.5224 0.27717 1
0.41387 0.29666 1
0.57213 0.50937 1
0.43555 0.40438 1
0.27768 0.53177 1
0.80458 0.65685 1
0.4588 0.35704 1
0.60399 0.8648 1
0.68227 0.54683 1
0.53971 0.46556 1
0.59239 0.28393 1
0.32953 0.41245 1
0.4439 0.5058 1
0.48619 0.57796 1
0.67546 0.34558 1
0.57894 0.16739 1
0.38608 0.49291 1
0.47781 0.3818 1
0.64654 0.53058 1
0.39695 0.5613 1
0.18047 0.49787 1
0.39068 0.55655 1
0.55831 0.23479 1
0.48867 0.54307 1
0.4776 0.48756 1
0.34296 0.44236 1
0.3856 0.62276 1
0.52811 0.51393 1
0.38426 0.4378 1
0.71395 0.38452 1
0.39777 0.28568 1
0.58797 0.60611 1
0.4459 0.29145 1
0.4348 0.47507 1
0.68467 0.42787 1
0.43128 0.40462 1
0.57397 0.43382 1
0.44692 0.34594 1
0.67804 0.40573 1
0.36013 0.58965 1
0.36547 0.48439 1
0.68706 0.19847 1
0.59184 0.28847 1
0.86002 0.28338 1
0.51521 0.41538 1
0.63162 0.33843 1
0.44369 0.35016 1
0.18312 0.43225 1
0.37151 0.64258 1
0.48875 0.31412 1
0.52442 0.55456 1
0.68798 0.64397 1
0.27166 0.42613 1
0.61873 0.3687 1
0.55537 0.43326 1
0.46215 0.42601 1
0.74987 0.46219 1
0.65796 0.30308 1
0.40242 0.33756 1
0.62002 0.37978 1
0.47425 0.48379 1
0.52056 0.33355 1
0.63696 0.40416 1
0.38413 0.26692 1
0.90883 0.56527 1
0.31929 0.29047 1
0.55463 0.26116 1
0.5375 0.4063 1
0.57858 0.32035 1
0.52682 0.35191 1
0.7134 0.50064 1
0.29432 0.61741 1
0.50066 0.31236 1
0.54321 0.37383 1
0.47515 0.42833 1
0.40089 0.29605 1
0.26188 0.45941 1
0.4651 0.3885 1
0.33195 0.50778 1
0.77105 0.54782 1
0.3304 0.77917 1
0.35291 0.20309 1
0.45451 0.60908 1
0.57323 0.24885 1
0.3779 0.41838 1
0.452 0.45128 1
0.23972 0.47923 1
0.51337 0.34059 1
0.2763 0.3163 1
0.5526 0.2988 1
0.64488 0.285 1
0.35022 0.36779 1
0.53253 0.29279 1
0.27358 0.2856 1
0.49753 0.25584 1
0.53787 0.66696 1
0.5806 0.57439 1
0.38092 0.41108 1
0.64783 0.67351 1
0.25239 0.20456 1
0.19594 0.62157 1
0.24854 0.55853 1
0.38041 0.23322 1
0.44222 0.49648 1
0.53455 0.40662 1
0.41527 0.24706 1
0.38534 0.36658 1
0.40805 0.49886 1
0.32975 0.31781 1
0.44579 0.58152 1
0.54947 0.34174 1
0.43279 0.33502 1
0.37451 0.66736 1
0.39127 0.65606 1
0.54339 0.551 1
0.51392 0.43061 1
0.54671 0.59124 1
0.52313 0.38053 1
0.53455 0.19879 1
0.33395 0.42985 1
0.34734 0.66934 1
0.52958 0.2225 1
0.6191 0.49846 1
0.17284 0.42857 1
0.77142 0.33254 1
0.46784 0.43731 1
0.51982 0.16894 1
0.44714 0.31234 1
0.64359 0.42028 1
0.75742 0.37056 1
0.40787 0.39326 1
0.80734 0.45961 1
0.49293 0.40319 1
0.48444 0.52602 1
0.32548 0.51492 1
0.56145 0.54128 1
0.47983 0.65844 1
0.65207 0.52998 1
0.52111 0.35651 1
0.49551 0.39493 1
0.42505 0.34971 1
0.36484 0.7869 1
0.89335 0.48677 1
0.49993 0.33946 1
0.36136 0.5169 1
0.44338 0.43013 1
0.32454 0.47805 1
0.47828 0.3818 1
0.36611 0.2715 1
0.40024 0.4248 1
0.4723 0.46556 1
0.64544 0.36352 1
0.74048 0.28843 1
0.46316 0.3307 1
0.52258 0.72525 1
0.69996 0.17538 1
0.60086 0.45406 1
0.43163 0.4717 1
0.49002 0.53216 1
0.67104 0.11048 1
0.20546 0.50738 1
0.68412 0.36315 1
0.67177 0.52205 1
0.28881 0.60056 1
0.32233 0.33845 1
0.59534 0.68005 1
0.29281 0.60036 1
0.63438 0.49073 1
0.54487 0.35599 1
0.32972 0.35524 1
0.15796 0.42331 1
0.67527 0.43352 1
0.34241 0.5173 1
0.42189 0.40127 1
0.48847 0.20236 1
0.56034 0.42492 1
0.58557 0.59481 1
0.58392 0.20533 1
0.55205 0.53732 1
0.33907 0.30368 1
0.51816 0.53534 1
0.38118 0.49291 1
0.31572 0.41215 1
0.38024 0.71236 1
0.46092 0.3799 1
0.46581 0.50897 1
0.48882 0.50976 1
0.56163 0.44435 1
0.37066 0.65903 1
0.43121 0.3909 1
0.50287 0.34291 1
0.33416 0.4497 1
0.28997 0.46714 1
0.47294 0.86679 1
0.52976 0.34901 1
0.49075 0.62593 1
0.65851 0.64238 1
0.73164 0.47309 1
0.45005 0.28213 1
0.34423 0.41122 1
0.38799 0.48003 1
0.72445 0.48597 1
0.58079 0.31292 1
0.43478 0.63703 1
0.39232 0.48538 1
0.52387 0.65685 1
0.40002 0.37829 1
0.40824 0.3148 1
0.60344 0.46575 1
0.39838 0.53137 1
0.75945 0.38256 1
0.44367 0.2714 1
0.62149 0.62137 1
0.33906 0.52146 1
0.54376 0.4943 1
0.43833 0.44177 1
0.69075 0.57776 1
0.3381 0.77758 1
0.61928 0.44256 1
0.39726 0.3618 1
0.55758 0.54386 1
0.26107 0.38658 1
0.41275 0.41122 1
0.40194 0.63981 1
0.57323 0.55853 1
0.64746 0.49529 1
0.38932 0.24766 1
0.49606 0.431 1
0.65225 0.73357 1
0.37083 0.42028 1
0.5154 0.77064 1
0.62665 0.48181 1
0.52866 0.37048 1
0.81342 0.77996 1
0.49698 0.30399 1
0.41452 0.49688 1
0.55334 0.58906 1
0.53584 0.79086 1
0.60694 0.47666 1
0.43307 0.49866 1
0.56052 0.56685 1
0.4063 0.29018 1
0.29944 0.45406 1
0.39477 0.42644 1
0.5259 0.49965 1
0.83681 0.69928 1
0.79518 0.43299 1
0.68227 0.40093 1
0.56752 0.17334 1
0.65962 0.40559 1
0.44463 0.46536 1
0.50416 0.58549 1
0.45692 0.53137 1
0.38643 0.2363 1
0.46458 0.16678 1
0.69996 0.43665 1
0.40597 0.57538 1
0.57029 0.30364 1
0.33592 0.38569 1
0.47804 0.3645 1
0.37317 0.2989 1
0.57765 0.41548 1
0.42349 0.55774 1
0.30936 0.49529 1
0.45513 0.41477 1
0.49495 0.41076 1
0.80015 0.48538 1
0.48228 0.53871 1
0.47383 0.80811 1
0.41395 0.44712 1
0.49993 0.36781 1
0.57176 0.57597 1
0.38694 0.44851 1
0.68264 0.51056 1
0.41756 0.67807 1
0.36549 0.46694 1
0.58318 0.39326 1
0.65612 0.38773 1
0.55003 0.10005 1
0.54818 0.64793 1
0.35044 0.61681 1
0.63494 0.43693 1
0.40879 0.53851 1
0.2772 0.15958 1
0.22582 0.43457 1
0.39251 0.24532 1
0.47222 0.28151 1
0.47944 0.15411 1
0.44734 0.53434 1
0.65059 0.53474 1
0.44108 0.4045 1
0.52479 0.78789 1
0.52277 0.28778 1
0.70548 0.26461 1
0.48375 0.51868 1
0.27582 0.13125 1
0.65943 0.57042 1
0.48219 0.28974 1
0.52903 0.33171 1
0.53713 0.685 1
0.67675 0.42962 1
0.38811 0.43277 1
0.57121 0.49965 1
0.4799 0.67707 1
0.33254 0.40759 1
0.52332 0.14792 1
0.66717 0.33767 1
0.29216 0.24274 1
0.52111 0.67351 1
0.49919 0.16493 1
0.49083 0.50877 1
0.42189 0.29694 1
0.29293 0.06005 1
0.37123 0.43437 1
0.69443 0.44276 1
0.40255 0.50956 1
0.66864 0.30138 1
0.506 0.44712 1
0.61154 0.65408 1
0.58852 0.37587 1
0.45931 0.32497 1
0.50508 0.39062 1
0.44857 0.43979 1
0.4555 0.44058 1
0.67712 0.58628 1
0.37107 0.32961 1
0.23591 0.45564 1
0.17588 0.35211 1
0.52627 0.5617 1
0.49772 0.60908 1
0.40555 0.21705 1
0.48561 0.37601 1
0.48044 0.44633 1
0.53842 0.42617 1
0.53621 0.56507 1
0.4203 0.65051 1
0.77492 0.53375 1
0.47051 0.20739 1
0.54874 0.36335 1
0.38057 0.44038 1
0.71837 0.49846 1
0.62039 0.40714 1
0.51116 0.47983 1
0.47259 0.48419 1
0.52221 0.438 1
0.50029 0.29105 1
0.23164 0.60016 1
0.70585 0.23681 1
0.58981 0.65507 1
0.42448 0.31319 1
0.85191 0.3394 1
0.32841 0.29119 1
0.5235 0.30168 1
0.38313 0.51987 1
0.55187 0.54307 1
0.65593 0.38622 1
0.70456 0.28792 1
0.64323 0.72088 1
0.39759 0.47943 1
0.5095 0.47646 1
0.94198 0.40668 1
0.47379 0.62058 1
0.74748 0.37399 1
0.42813 0.29856 1
0.38615 0.58787 1
0.75319 0.52245 1
0.46732 0.54545 1
0.63291 0.50818 1
0.40522 0.27287 1
0.23952 0.27757 1
0.50379 0.26568 1
0.58134 0.39984 1
0.26243 0.36751 1
0.70843 0.34045 1
0.55408 0.50223 1
0.49175 0.50164 1
0.42688 0.36297 1
0.5165 0.51967 1
0.55905 0.46001 1
0.43708 0.41733 1
0.24134 0.42652 1
0.68964 1.0 1
0.74471 0.61384 1
0.50877 0.40113 1
0.28463 0.36095 1
0.45373 0.40755 1
0.54082 0.34523 1
0.4727 0.4945 1
0.40943 0.36057 1
0.50877 0.53335 1
0.58134 0.4153 1
0.53529 0.28033 1
0.61965 0.31803 1
0.33325 0.32909 1
0.32229 0.36783 1
0.31474 0.27283 1
0.35832 0.51393 1
0.31367 0.44712 1
0.59405 0.33621 1
0.41969 0.47289 1
0.53326 0.66756 1
0.53382 0.25888 1
0.75761 0.65269 1
0.64378 0.64972 1
0.53087 0.64278 1
0.50287 0.41957 1
0.51466 0.72445 1
0.34248 0.28011 1
0.5014 0.49371 1
0.54026 0.27882 1
0.3856 0.57954 1
0.3819 0.40299 1
0.48364 0.68282 1
0.42874 0.4939 1
0.16247 0.72148 1
0.36081 0.56348 1
0.47105 0.41197 1
0.37298 0.56685 1
0.53142 0.57994 1
0.63328 0.44831 1
0.47311 0.36949 1
0.43852 0.55912 1
0.51558 0.48201 1
0.58447 0.58093 1
0.66514 0.69789 1
0.47211 0.4089 1
0.41791 0.30451 1
0.65759 0.26734 1
0.59939 0.51155 1
0.48405 0.24839 1
0.29909 0.41287 1
0.71837 0.28336 1
0.81802 0.54227 1
0.53676 0.5173 1
0.54984 0.26112 1
0.38398 0.37395 1
0.62407 0.56567 1
0.39052 0.75875 1
0.33976 0.35508 1
0.43261 0.38154 1
0.32443 0.41227 1
0.66091 0.4095 1
0.42437 0.48221 1
0.34768 0.43186 1
0.51135 0.25987 1
0.62131 0.47309 1
0.35477 0.70562 1
0.37118 0.31755 1
0.38335 0.39106 1
0.56568 0.29999 1
0.63162 0.71137 1
0.44008 0.32219 1
0.31892 0.23782 1
0.51392 0.55635 1
0.42137 0.47805 1
0.32415 0.32749 1
0.51945 0.30308 1
0.5841 0.22861 1
0.48569 0.31414 1
0.58042 0.33627 1
0.38181 0.47725 1
0.24116 0.35573 1
0.3534 0.35881 1
0.50803 0.43441 1
0.3525 0.17643 1
0.43122 0.29706 1
0.60289 0.31516 1
0.47497 0.5171 1
0.4914 0.36941 1
0.41763 0.39284 1
0.60381 0.4947 1
0.6062 0.61126 1
0.53345 0.69571 1
0.68964 0.52443 1
0.51282 0.51393 1
0.68872 0.41778 1
0.44738 0.53355 1
0.37914 0.56765 1
0.64801 0.39009 1
0.52295 0.37833 1
0.49808 0.57756 1
0.56016 0.27281 1
0.73164 0.37003 1
0.54947 0.301 1
0.44636 0.51849 1
0.33342 0.33371 1
0.47602 0.41895 1
0.46821 0.62256 1
0.61265 0.7195 1
0.75632 0.4313 1
0.37267 0.58608 1
0.35633 0.52701 1
0.52258 0.41566 1
0.51337 0.40357 1
0.50379 0.69234 1
0.43178 0.6184 1
0.51761 0.47269 1
0.5725 0.5506 1
0.53492 0.81505 1
0.32141 0.61404 1
0.48353 0.60373 1
0.59423 0.40107 1
0.53308 0.53315 1
0.46539 0.16198 1
0.4681 0.44098 1
0.60915 0.29024 1
0.41632 0.41376 1
0.52829 0.47666 1
0.27288 0.34893 1
0.67546 0.61067 1
0.45327 0.21865 1
0.69922 0.52384 1
0.53198 0.16995 1
0.42154 0.50124 1
0.78524 0.63029 1
0.8252 0.51591 1
0.49123 0.51353 1
0.51061 0.422 1
0.42354 0.5169 1
0.40931 0.31745 1
0.3809 0.5502 1
0.30642 0.4606 1
0.47723 0.4117 1
0.28406 0.61661 1
0.3959 0.61701 1
0.58981 0.45049 1
0.49348 0.51194 1
0.52498 0.157 1
0.64636 0.55119 1
0.65022 0.68322 1
0.63254 0.64992 1
0.55389 0.40299 1
0.58852 0.55873 1
0.49403 0.32881 1
0.47989 0.63505 1
0.5025 0.31967 1
0.41763 0.50203 1
0.31213 0.15417 1
0.52037 0.4378 1
0.41934 0.34116 1
0.56163 0.2946 1
0.4488 0.46893 1
0.43645 0.30697 1
0.75742 0.6513 1
0.48105 0.35768 1
0.58797 0.50045 1
0.5911 0.42339 1
0.29411 0.4355 1
0.70032 0.37532 1
0.58134 0.50679 1
0.73679 0.22684 1
0.24799 0.09188 1
0.44624 0.50045 1
0.48226 0.62573 1
0.74361 0.71751 1
0.21178 0.32677 1
0.20563 0.46635 1
0.46959 0.62851 1
0.46732 0.45426 1
0.38838 0.51591 1
0.34202 0.26992 1
0.5981 0.56507 1
0.57802 0.74289 1
0.45957 0.36719 1
0.50969 0.50679 1
0.47814 0.38878 1
0.51761 0.41871 1
0.31023 0.47091 1
0.53161 0.38351 1
0.40347 0.53355 1
0.61136 0.35139 1
0.46825 0.54723 1
0.61154 0.2939 1
0.48521 0.68699 1
0.43846 0.06092 1
0.39297 0.60373 1
0.49311 0.3171 1
0.44285 0.49153 1
0.38057 0.28885 1
0.52995 0.53018 1
0.62831 0.6071 1
0.46058 0.42169 1
0.39339 0.2542 1
0.48399 0.32527 1
0.38214 0.418 1
0.50729 0.42557 1
0.27208 0.66102 1
0.31905 0.29264 1
0.4452 0.42381 1
0.48755 0.30211 1
0.49974 0.43657 1
0.47431 0.27343 1
0.36219 0.36412 1
0.47281 0.17958 1
0.429 0.59382 1
0.7775 0.60511 1
0.22267 0.36113 1
0.53326 0.27414 1
0.62831 0.55119 1
0.65262 0.62256 1
0.27872 0.2766 1
0.49772 0.37928 1
0.31892 0.45109 1
0.43275 0.33797 1
0.7029 0.4183 1
0.32065 0.54921 1
0.56808 0.56111 1
0.54026 0.4721 1
0.37541 0.60551 1
0.63807 0.35312 1
0.53419 0.32955 1
0.4019 0.45545 1
0.36794 0.23309 1
0.38359 0.34895 1
0.49256 0.33296 1
0.55132 0.66558 1
0.46272 0.28433 1
0.46033 0.86936 1
0.38411 0.29854 1
0.5084 0.37615 1
0.37162 0.33871 1
0.47959 0.46794 1
0.38335 0.2673 1
0.53013 0.52304 1
0.49864 0.45366 1
0.21097 0.42155 1
0.30367 0.51016 1
0.49116 0.50183 1
0.39531 0.56864 1
0.61173 0.39052 1
0.82613 0.45069 1
0.67472 0.63683 1
0.41763 0.32751 1
0.64028 0.59659 1
0.44692 0.20248 1
0.89906 0.58192 1
0.42179 0.52086 1
0.70567 0.47646 1
0.53161 0.4834 1
0.78726 0.55556 1
0.67325 0.18063 1
0.58981 0.4118 1
0.3199 0.36126 1
0.47418 0.71157 1
0.64875 0.58232 1
0.31191 0.45307 1
0.72998 0.70027 1
0.60252 0.37724 1
0.29194 0.49807 1
0.35392 0.44553 1
0.67104 0.506 1
0.63936 0.36061 1
0.47003 0.50203 1
0.39801 0.39314 1
0.51079 0.28167 1
0.43732 0.377 1
0.52 0.5167 1
0.4685 0.39893 1
0.513 0.55575 1
0.54561 0.35298 1
0.50435 0.54743 1
0.44765 0.54108 1
0.25149 0.48003 1
0.47559 0.65824 1
0.26943 0.34786 1
0.67196 0.30596 1
0.61357 0.37667 1
0.70456 0.61106 1
0.64175 0.55575 1
0.5701 0.21808 1
0.63291 0.37718 1
0.57784 0.75201 1
0.55887 0.26556 1
0.45839 0.34662 1
0.42439 0.57657 1
0.46541 0.62038 1
0.68651 0.72425 1
0.74379 0.19019 1
0.56384 0.54247 1
0.39636 0.63604 1
0.38682 0.19901 1
0.32738 0.36479 1
0.66699 0.41067 1
0.55445 0.26145 1
0.5445 0.42472 1
0.43548 0.34771 1
0.67583 0.47487 1
0.3623 0.6515 1
0.534 0.49767 1
0.59663 0.43392 1
0.28319 0.34104 1
0.67988 0.35674 1
0.45788 0.41348 1
0.45183 0.44236 1
0.36153 0.64417 1
0.38173 0.21917 1
0.31955 0.35119 1
0.63641 0.72604 1
0.43167 0.58965 1
0.48055 0.4199 1
0.3565 0.38174 1
0.45101 0.25287 1
0.51466 0.28774 1
0.56273 0.23245 1
0.71561 0.37241 1
0.41124 0.15744 1
0.60068 0.28054 1
0.49477 0.36969 1
0.47302 0.44732 1
0.53234 0.51075 1
0.36994 0.40519 1
0.60602 0.45267 1
0.48302 0.54307 1
0.56273 0.46476 1
0.68688 0.58549 1
0.41524 0.31436 1
0.70511 0.52384 1
0.59442 0.57042 1
0.32749 0.15799 1
0.44246 0.39233 1
0.37877 0.71256 1
0.51171 0.48181 1
0.43321 0.51948 1
0.40619 0.54108 1
0.69461 0.79879 1
0.40306 0.20474 1
0.60786 0.43128 1
0.49311 0.66994 1
0.5399 0.67747 1
0.23733 0.44811 1
0.25379 0.47567 1
0.40612 0.41766 1
0.39194 0.55536 1
0.42006 0.32053 1
0.45852 0.47031 1
0.45802 0.39209 1
0.52866 0.59005 1
0.75613 0.59976 1
0.7018 0.27896 1
0.52645 0.47111 1
0.34139 0.53692 1
0.39317 0.57459 1
0.73385 0.41181 1
0.77547 0.56111 1
0.64083 0.64 1
0.56955 0.43469 1
0.41572 0.26431 1
0.55684 0.19875 1
0.6296 0.35036 1
0.36921 0.31791 1
0.31734 0.46298 1
0.61725 0.54029 1
0.63217 0.58093 1
0.48031 0.26484 1
0.45804 0.59619 1
0.48922 0.573 1
0.44699 0.40256 1
0.50693 0.39808 1
0.53345 0.13351 1
0.3649 0.47428 1
0.46874 0.5734 1
0.37888 0.46853 1
0.55776 0.5171 1
0.47663 0.3483 1
0.89225 0.41729 1
0.5259 0.4723 1
0.40715 0.22702 1
0.64912 0.47091 1
0.47394 0.45921 1
0.33738 0.32715 1
0.35307 0.39578 1
0.49587 0.28401 1
0.54874 0.51849 1
0.61449 0.75478 1
0.53253 0.23606 1
0.74453 0.48617 1
0.57563 0.30401 1
0.2004 0.42837 1
0.61689 0.50401 1
0.26326 0.05251 1
0.50435 0.49668 1
0.52848 0.30576 1
0.54653 0.41885 1
0.46845 0.58271 1
0.28081 0.51769 1
0.58392 0.59956 1
0.32148 0.35308 1
0.41175 0.65745 1
0.43121 0.52661 1
0.61504 0.39312 1
0.73385 0.43247 1
0.37611 0.79998 1
0.41074 0.69789 1
0.35224 0.63346 1
0.54671 0.68481 1
0.45064 0.52998 1
0.63475 0.26236 1
0.60215 0.40367 1
0.55389 0.21459 1
0.62757 0.66399 1
0.35033 0.50699 1
0.47475 0.39025 1
0.40709 0.57994 1
0.63623 0.5728 1
0.336 0.22613 1
0.65299 0.19338 1
0.48709 0.35562 1
0.48615 0.46932 1
0.50803 0.58985 1
0.44633 0.28457 1
0.49477 0.22609 1
0.49956 0.6737 1
0.70861 0.52404 1
0.50269 0.74606 1
0.43957 0.14144 1
0.71672 0.38906 1
0.22954 0.3569 1
0.43417 0.36915 1
0.55297 0.37938 1
0.41756 0.51749 1
0.45357 0.62415 1
0.56808 0.49648 1
0.41292 0.46139 1
0.82152 0.32396 1
0.63144 0.54326 1
0.64341 0.29836 1
0.36318 0.5165 1
0.46178 0.46675 1
0.50748 0.57954 1
0.48654 0.20795 1
0.53087 0.6634 1
0.40041 0.4608 1
0.65078 0.41023 1
0.70788 0.53197 1
0.60234 0.34687 1
0.49624 0.5052 1
0.56181 0.44018 1
0.47228 0.31827 1
0.48112 0.70086 1
0.59552 0.48915 1
0.59349 0.25319 1
0.58778 0.36172 1
0.25164 0.3366 1
0.54542 0.48657 1
0.64967 0.54644 1
0.73661 0.52067 1
0.69535 0.58232 1
0.73698 0.42377 1
0.72095 0.16771 1
0.64304 0.32049 1
0.45261 0.54148 1
0.62389 0.60135 1
0.45023 0.53137 1
0.38628 0.2785 1
0.38391 0.49073 1
0.42096 0.29172 1
0.58852 0.8769 1
0.46349 0.57578 1
0.541 0.64 1
0.64028 0.29884 1
0.69056 0.47507 1
0.88212 0.31157 1
0.59828 0.32467 1
0.28354 0.63445 1
0.69038 0.68025 1
0.65943 0.3643 1
0.69922 0.42627 1
0.44111 0.32251 1
0.38341 0.24419 1
0.64525 0.30275 1
0.42984 0.46615 1
0.37632 0.43106 1
0.89538 0.6291 1
0.72611 0.56705 1
0.44754 0.32978 1
0.2116 0.19768 1
0.43447 0.47408 1
0.46521 0.31906 1
0.47792 0.29513 1
0.42448 0.68302 1
0.48206 0.57974 1
0.50766 0.5282 1
0.58447 0.70522 1
0.53087 0.33105 1
0.50858 0.46615 1
0.59497 0.46655 1
0.46075 0.59917 1
0.39277 0.56329 1
0.41172 0.3908 1
0.506 0.46952 1
0.4252 0.50124 1
0.70456 0.65547 1
0.46692 0.47983 1
0.739 0.37159 1
0.4606 0.58212 1
0.32065 0.28883 1
0.24893 0.37098 1
0.66496 0.28118 1
0.42667 0.40811 1
0.68062 0.4226 1
0.46849 0.39496 1
0.64875 0.56408 1
0.5165 0.14168 1
0.58484 0.37054 1
0.58079 0.12338 1
0.34766 0.63207 1
0.40794 0.46655 1
0.58079 0.52344 1
0.53511 0.29517 1
0.57986 0.52701 1
0.27807 0.47884 1
0.51135 0.50223 1
0.62168 0.36343 1
0.5119 0.58926 1
0.35655 0.42236 1
0.64065 0.43148 1
0.64488 0.45783 1
0.3294 0.2496 1
0.42001 0.15897 1
0.52571 0.48915 1
0.46211 0.663 1
0.66735 0.52067 1
0.28459 0.64119 1
0.47478 0.36226 1
0.54321 0.5173 1
0.71064 0.38608 1
0.6202 0.35373 1
0.27932 0.38256 1
0.61891 0.72049 1
0.40999 0.48915 1
0.37746 0.5504 1
0.43378 0.70205 1
0.59221 0.69928 1
0.56163 0.63564 1
0.5841 0.70047 1
0.60602 0.32949 1
0.68872 0.43463 1
0.57029 0.43979 1
0.576 0.43461 1
0.54561 0.45366 1
0.2039 0.50639 1
0.42936 0.27713 1
0.61357 0.38785 1
0.61449 0.32451 1
0.33102 0.21719 1
0.50748 0.4949 1
0.38306 0.35187 1
0.41205 0.79265 1
0.3362 0.43959 1
0.61302 0.64119 1
0.32999 0.34491 1
0.42997 0.52582 1
0.38024 0.19875 1
0.51927 0.32303 1
0.60068 0.3309 1
0.37149 0.30824 1
0.84197 0.05888 1
0.43645 0.60848 1
0.5771 0.69928 1
0.53253 0.34469 1
0.29306 0.4834 1
0.23794 0.45525 1
0.37142 0.40359 1
0.63328 0.40535 1
0.2754 0.50976 1
0.44134 0.36731 1
0.57139 0.45267 1
0.31552 0.39366 1
0.26735 0.41215 1
0.4483 0.33898 1
0.62002 0.52404 1
0.55795 0.39181 1
0.28925 0.63307 1
0.46187 0.25279 1
0.5795 0.33466 1
0.44712 0.62573 1
0.37904 0.56111 1
0.59497 0.46595 1
0.17096 0.47368 1
0.44927 0.63168 1
0.48611 0.57439 1
0.52277 0.54465 1
0.23508 0.4378 1
0.59497 0.61939 1
0.61265 0.70582 1
0.5224 0.3725 1
0.28393 0.60274 1
0.60178 0.44078 1
0.3711 0.73496 1
0.6167 0.37867 1
0.36593 0.6293 1
0.63512 0.23909 1
0.29796 0.43443 1
0.50066 0.64536 1
0.54542 0.35258 1
0.3476 0.44633 1
0.37847 0.60948 1
0.4091 0.55 1
0.46686 0.68223 1
0.44662 0.33274 1
0.51798 0.45525 1
0.43505 0.4158 1
0.54045 0.60056 1
0.62278 0.56943 1
0.64267 0.39116 1
0.58023 0.66379 1
0.50748 0.56547 1
0.39026 0.54108 1
0.35828 0.4832 1
0.34163 0.49648 1
0.81563 0.48221 1
0.65907 0.3907 1
0.58042 0.38595 1
0.39488 0.34545 1
0.64746 0.42765 1
0.39569 0.32223 1
0.79721 0.44335 1
0.6027 0.82575 1
0.47561 0.41142 1
0.72593 0.68282 1
0.66293 0.46575 1
0.29339 0.3843 1
0.53695 0.5163 1
0.44903 0.20075 1
0.33823 0.33351 1
0.56476 0.33266 1
0.28824 0.53573 1
0.52203 0.3999 1
0.7029 0.42028 1
0.51798 0.77421 1
0.49403 0.32297 1
0.4916 0.40537 1
0.54376 0.15449 1
0.65907 0.39229 1
0.18426 0.22922 1
0.65483 0.31157 1
0.4163 0.31204 1
0.71193 0.57102 1
0.42457 0.25812 1
0.56789 0.31547 1
0.42699 0.26262 1
0.31524 0.50956 1
0.49085 0.27935 1
0.42573 0.59005 1
0.68135 0.39641 1
0.62444 0.57736 1
0.48731 0.42131 1
0.76092 0.47785 1
0.28011 0.27458 1
0.28875 0.3803 1
0.50932 0.48023 1
0.49514 0.26988 1
0.387 0.28118 1
0.4513 0.47864 1
0.43246 0.33317 1
0.44226 0.55258 1
0.39114 0.25868 1
0.46193 0.38202 1
0.53953 0.14703 1
0.16251 0.35893 1
0.62278 0.50857 1
0.51558 0.44653 1
0.50858 0.56527 1
0.46775 0.36015 1
0.47195 0.65725 1
0.36512 0.54366 1
0.3138 0.32733 1
0.46718 0.41731 1
0.54505 0.67549 1
0.58263 0.31097 1
0.64028 0.37786 1
0.42876 0.18644 1
0.38932 0.47289 1
0.34438 0.54108 1
0.62904 0.59124 1
0.56366 0.50659 1
0.80863 0.29184 1
0.64691 0.72108 1
0.63236 0.30338 1
0.55132 0.77996 1
0.46366 0.51749 1
0.50914 0.35671 1
0.35873 0.42446 1
0.7705 0.4945 1
0.6296 0.44216 1
0.8462 0.33377 1
0.61099 0.61205 1
0.30034 0.27154 1
0.67841 0.32782 1
0.62444 0.34592 1
0.76442 0.37502 1
0.78063 0.20428 1
0.44316 0.39564 1
0.62646 0.36638 1
0.59607 0.73615 1
0.57913 0.36888 1
0.6062 0.4612 1
0.68191 0.42878 1
0.55795 0.62355 1
0.47633 0.63584 1
0.58318 0.47249 1
0.61578 0.48558 1
0.53805 0.5169 1
0.64065 0.27327 1
0.48392 0.60749 1
0.49882 0.35722 1
0.57802 0.60571 1
0.64709 0.42605 1
0.56034 0.33799 1
0.33053 0.16527 1
0.37766 0.24153 1
0.42509 0.35671 1
0.37525 0.47031 1
0.44263 0.3278 1
0.70382 0.55556 1
0.46408 0.3481 1
0.35471 0.51472 1
0.65446 0.66597 1
0.41776 0.52622 1
0.26555 0.5058 1
1.0 0.29971 1
0.59515 0.49232 1
0.49937 0.60135 1
0.5014 0.79463 1
0.40054 0.49846 1
0.60326 0.30526 1
0.55868 0.61661 1
0.34661 0.63029 1
0.58963 0.51948 1
0.4944 0.2903 1
0.60602 0.56289 1
0.67472 0.44256 1
0.6458 0.54644 1
0.44423 0.55357 1
0.40903 0.28328 1
0.37352 0.59302 1
0.46837 0.31627 1
0.76884 0.58113 1
0.45484 0.31024 1
0.4215 0.54822 1
0.46115 0.32164 1
0.57894 0.25154 1
0.4403 0.2566 1
0.73293 0.55 1
0.62923 0.70582 1
0.38781 0.43523 1
0.48591 0.66677 1
0.46942 0.36287 1
0.48145 0.2093 1
0.26553 0.47864 1
0.60694 0.55853 1
0.4933 0.28623 1
0.22585 0.29388 1
0.46974 0.44534 1
0.45139 0.49787 1
0.3735 0.3507 1
0.21499 0.25905 1
0.30962 0.32756 1
0.53382 0.56864 1
0.35928 0.29945 1
0.36948 0.19946 1
0.31822 0.40579 1
0.53474 0.53633 1
0.28643 0.42294 1
0.7996 0.35748 1
0.6342 0.43711 1
0.42995 0.23592 1
0.51558 0.14229 1
0.58686 0.48994 1
0.39107 0.66756 1
0.5596 0.344 1
0.47267 0.57399 1
0.55242 0.37213 1
0.62425 0.36343 1
0.65225 0.47567 1
0.4462 0.2746 1
0.38481 0.58807 1
0.34948 0.57756 1
0.61578 0.35649 1
0.58576 0.38145 1
0.48622 0.3231 1
0.50803 0.39992 1
0.28958 0.36325 1
0.29782 0.18503 1
0.68964 0.44018 1
0.57968 0.595 1
0.45064 0.58331 1
0.37669 0.33222 1
0.59902 0.46457 1
0.70382 0.33779 1
0.71524 0.86679 1
0.2199 0.32439 1
0.51356 0.55179 1
0.45316 0.50838 1
0.38779 0.64496 1
0.64709 0.30921 1
0.55371 0.57617 1
0.59478 0.38769 1
0.48561 0.52582 1
0.41369 0.24052 1
0.56384 0.42787 1
0.6191 0.53395 1
0.59828 0.41415 1
0.37499 0.35026 1
0.49173 0.54822 1
0.5025 0.33405 1
0.44653 0.2854 1
0.45436 0.3825 1
0.18734 0.49014 1
0.54929 0.4606 1
0.46508 0.35587 1
0.50858 0.65487 1
0.49223 0.36735 1
0.34171 0.3466 1
0.4154 0.34842 1
0.47265 0.53038 1
0.47524 0.63644 1
0.69959 0.19253 1
0.51319 0.3778 1
0.5014 0.51571 1
0.63862 0.44236 1
0.5119 0.53335 1
0.45517 0.30425 1
0.50711 0.55278 1
0.40544 0.39657 1
0.51761 0.81227 1
0.50969 0.52978 1
0.38612 0.33978 1
0.48945 0.40222 1
0.56992 0.39639 1
0.40883 0.4943 1
0.555 0.36571 1
0.58373 0.66597 1
0.33941 0.34499 1
0.75577 0.21451 1
0.66312 0.22674 1
0.58963 0.35833 1
0.73661 0.64397 1
0.73698 0.79562 1
0.54118 0.34438 1
0.44476 0.33409 1
0.5259 0.47785 1
0.40476 0.40456 1
0.62739 0.62117 1
0.47066 0.44494 1
0.44859 0.44553 1
0.64654 0.40686 1
0.26654 0.67073 1
0.35272 0.44871 1
0.63696 0.57578 1
0.60344 0.49192 1
0.56016 0.73773 1
0.38289 0.43267 1
0.45377 0.21951 1
0.54284 0.42438 1
0.51577 0.46516 1
0.6202 0.49549 1
0.41264 0.55793 1
0.37308 0.30205 1
0.6703 0.73773 1
0.45104 0.59758 1
0.52811 0.25541 1
0.54689 0.59996 1
0.58134 0.57161 1
0.55997 0.44514 1
0.74416 0.59619 1
0.49956 0.47428 1
0.6423 0.53534 1
0.69277 0.19193 1
0.42069 0.483 1
0.41107 0.32965 1
0.47241 0.70919 1
0.47464 0.57796 1
0.48864 0.37476 1
0.44568 0.56646 1
0.35318 0.42337 1
0.49716 0.3388 1
0.50914 0.52423 1
0.54671 0.34507 1
0.37556 0.43352 1
0.43122 0.42722 1
0.37352 0.61225 1
0.6121 0.19824 1
0.5259 0.52423 1
0.67656 0.57498 1
0.46526 0.40787 1
0.46681 0.36168 1
0.36162 0.50917 1
0.30327 0.35936 1
0.54395 0.28986 1
0.52092 0.56507 1
0.22602 0.3075 1
0.77953 0.65765 1
0.66625 0.51095 1
0.78118 0.35813 1
0.51282 0.35849 1
0.25444 0.52463 1
0.44169 0.53296 1
0.69572 0.4602 1
0.57342 0.40656 1
0.44664 0.42884 1
0.50122 0.55932 1
0.6097 0.32933 1
0.62554 0.46536 1
0.62168 0.5163 1
0.42947 0.39066 1
0.41124 0.34372 1
0.583 0.33859 1
0.41312 0.58688 1
0.52829 0.57697 1
0.26041 0.69115 1
0.53805 0.38517 1
0.30467 0.23453 1
0.45125 0.49113 1
0.46399 0.6408 1
0.49311 0.52186 1
0.30669 0.61106 1
0.57729 0.55456 1
0.33716 0.41158 1
0.38481 0.38862 1
0.5235 0.7193 1
0.41667 0.29591 1
0.31953 0.52641 1
0.45119 0.7195 1
0.63088 0.41065 1
0.24022 0.27537 1
0.57968 0.73278 1
0.49698 0.45703 1
0.51595 0.49331 1
0.30378 0.2961 1
0.5981 0.261 1
0.59239 0.82139 1
0.70843 0.6521 1
0.569 0.34572 1
0.59939 0.62276 1
0.43774 0.6739 1
0.41048 0.52166 1
0.67435 0.53633 1
0.45734 0.483 1
0.26952 0.48439 1
0.30561 0.43437 1
0.83165 0.35419 1
0.68743 0.26258 1
0.49311 0.45703 1
0.39568 0.40406 1
0.71543 0.50719 1
0.47195 0.63326 1
0.63788 0.38125 1
0.42437 0.22989 1
0.51871 0.20202 1
0.78063 0.33938 1
0.54303 0.6182 1
0.39472 0.42983 1
0.40127 0.46457 1
0.22547 0.4612 1
0.22526 0.35318 1
0.51485 0.29799 1
0.61965 0.43879 1
0.73366 0.49628 1
0.56752 0.49053 1
0.55481 0.39508 1
0.39015 0.50342 1
0.49753 0.6182 1
0.32134 0.36113 1
0.33801 0.48895 1
0.48145 0.51769 1
0.55445 0.37379 1
0.36399 0.10897 1
0.31474 0.57895 1
0.23668 0.34434 1
0.47475 0.47626 1
0.77989 0.5167 1
0.59147 0.45921 1
0.52424 0.13454 1
0.52461 0.53216 1
0.52627 0.43188 1
0.57268 0.54545 1
0.55463 0.44256 1
0.3005 0.53514 1
0.51024 0.73199 1
0.3017 0.24482 1
0.50029 0.52443 1
0.63733 0.49291 1
0.42043 0.44395 1
0.54303 0.47824 1
0.50306 0.27184 1
0.35735 0.52384 1
0.56052 0.57756 1
0.47425 0.48578 1
0.58336 0.35552 1
0.80826 0.40065 1
0.31196 0.52047 1
0.49808 0.68897 1
0.55371 0.4608 1
0.69646 0.36458 1
0.31076 0.27947 1
0.33128 0.47824 1
0.35711 0.38761 1
0.29826 0.50937 1
0.42719 0.39048 1
0.76811 0.85668 1
0.48637 0.42674 1
0.66828 0.50144 1
0.55426 0.36969 1
0.47882 0.38412 1
0.51116 0.3756 1
0.33653 0.73873 1
0.513 0.55793 1
0.65059 0.44871 1
0.66054 0.25176 1
0.76516 0.40434 1
0.50066 0.55278 1
0.63199 0.64655 1
0.59681 0.5504 1
0.48416 0.43546 1
0.29327 0.52067 1
0.62168 0.37046 1
0.50582 0.26054 1
0.55132 0.29212 1
0.69148 0.84101 1
0.63088 0.60095 1
0.4613 0.58271 1
0.44647 0.28106 1
0.55389 0.48796 1
0.45543 0.50857 1
0.47421 0.4341 1
0.32371 0.3439 1
0.54671 0.61959 1
0.52479 0.37681 1
0.48064 0.31359 1
0.60565 0.51908 1
0.68319 0.4333 1
0.61154 0.48974 1
0.71359 0.36212 1
0.51024 0.36814 1
0.54137 0.29051 1
0.46138 0.53712 1
0.51632 0.4719 1
0.47786 0.53256 1
0.55205 0.33575 1
0.54432 0.73615 1
0.5165 0.61463 1
0.29699 0.22212 1
0.31443 0.20268 1
0.30148 0.57776 1
0.51208 0.52364 1
0.57931 0.55635 1
0.57894 0.26637 1
0.3986 0.38462 1
0.58373 0.38392 1
0.43146 0.40182 1
0.52313 0.36461 1
0.35648 0.21917 1
0.45859 0.29688 1
0.58447 0.75201 1
0.68283 0.43554 1
0.36821 0.4332 1
0.53769 0.52562 1
0.45589 0.36142 1
0.52221 0.31361 1
0.39282 0.26629 1
0.77418 0.62652 1
0.5655 0.29392 1
0.29487 0.08159 1
0.60639 0.44355 1
0.27802 0.31133 1
0.43708 0.71216 1
0.49366 0.67668 1
0.58889 0.47705 1
0.64267 0.45009 1
0.42236 0.38113 1
0.45045 0.24145 1
0.54653 0.57796 1
0.54818 0.36065 1
0.72353 0.40507 1
0.52534 0.56547 1
0.71138 0.30015 1
0.69167 0.62137 1
0.43458 0.24351 1
0.26816 0.33022 1
0.48694 0.22577 1
0.42599 0.27107 1
0.3584 0.55496 1
0.41301 0.45227 1
0.41093 0.65844 1
0.4345 0.23858 1
0.45323 0.66558 1
0.59018 0.45049 1
0.58079 0.34616 1
0.52369 0.13417 1
0.38356 0.23102 1
0.4254 0.57597 1
0.44962 0.51194 1
0.56052 0.49252 1
0.61302 0.48776 1
0.39597 0.54862 1
0.4714 0.47368 1
0.60952 0.58113 1
0.4285 0.33964 1
0.60565 0.43158 1
0.35654 0.69115 1
0.36228 0.47527 1
0.30135 0.53494 1
0.52442 0.63564 1
0.80918 0.52721 1
0.32618 0.31129 1
0.20618 0.39167 1
0.66846 0.58152 1
0.52627 0.3981 1
0.46799 0.32384 1
0.88691 0.64298 1
0.36313 0.52285 1
0.36667 0.2677 1
0.40157 0.30296 1
0.54174 0.40004 1
0.53658 0.4604 1
0.69959 0.36039 1
0.50932 0.55199 1
0.32369 0.56567 1
0.53069 0.38045 1
0.7228 0.37371 1
0.42371 0.28734 1
0.59202 0.31874 1
0.38934 0.55774 1
0.54966 0.34727 1
0.78837 0.53197 1
0.47394 0.3883 1
0.513 0.56725 1
0.4804 0.34725 1
0.55389 0.56467 1
0.62978 0.65626 1
0.45272 0.29418 1
0.46889 0.5621 1
0.42181 0.68976 1
0.51098 0.42648 1
0.44507 0.36402 1
0.35449 0.66696 1
0.44962 0.43192 1
0.62462 0.73635 1
0.47239 0.51888 1
0.33699 0.37629 1
0.57526 0.6065 1
0.67104 0.77738 1
0.49827 0.37145 1
0.42522 0.76331 1
0.58023 0.60274 1
0.72482 0.43394 1
0.69259 0.3458 1
0.69296 0.44137 1
0.2906 0.32709 1
0.47162 0.73298 1
0.28011 0.20476 1
0.55445 0.2759 1
0.25446 0.57994 1
0.74619 0.56527 1
0.35954 0.48934 1
0.3975 0.44355 1
0.34978 0.39719 1
0.84528 0.53494 1
0.58521 0.43261 1
0.5841 0.26643 1
0.51927 0.34776 1
0.52332 0.57597 1
0.58576 0.43031 1
0.52037 0.34955 1
0.44367 0.58589 1
0.79721 0.33779 1
0.58668 0.56091 1
0.34637 0.70721 1
0.38022 0.33746 1
0.62886 0.52086 1
0.44542 0.45802 1
0.34112 0.19344 1
0.50269 0.33595 1
0.50177 0.33956 1
0.51116 0.45505 1
0.70751 0.69055 1
0.6132 0.43051 1
0.54229 0.22375 1
0.70474 0.58053 1
0.85302 0.4113 1
0.39551 0.54584 1
0.45025 0.81366 1
0.43268 0.27473 1
0.38275 0.55615 1
0.33248 0.31839 1
0.47202 0.08798 1
0.31977 0.32106 1
0.65004 0.54108 1
0.42898 0.48142 1
0.59755 0.43071 1
0.57968 0.53553 1
0.42003 0.44553 1
0.50693 0.46694 1
0.28654 0.62652 1
0.75761 0.60036 1
0.41428 0.40662 1
0.47112 0.49569 1
0.56587 0.46754 1
0.51945 0.20442 1
