0.40077 0.36635 1
0.98415 0.65724 1
0.4294 0.6336 1
0.43057 0.14948 1
0.48396 0.35282 1
0.31436 0.39037 1
0.17572 0.40753 1
0.03882 0.14886 1
0.71503 0.23415 1
0.34601 0.61986 1
0.77526 0.35021 1
0.03627 0.49314 1
0.48279 0.468 1
0.47578 0.39679 1
0.30807 0.21907 1
0.56671 0.51728 1
0.19983 0.22753 1
0.34825 0.41762 1
0.31264 0.27424 1
0.25195 0.45007 1
0.82281 0.53572 1
0.55637 0.53605 1
0.46294 0.59522 1
0.63695 0.86977 1
0.4299 0.53689 1
0.66715 0.35096 1
0.13676 0.39127 1
0.63412 0.35534 1
0.42306 0.42288 1
0.39341 0.25267 1
0.38959 0.51426 1
0.26878 0.40642 1
0.80763 0.42635 1
0.36542 0.52114 1
0.38225 0.37347 1
0.40079 0.37198 1
0.32237 0.49063 1
0.36428 0.52516 1
0.52233 0.24277 1
0.29196 0.53907 1
0.55653 0.15967 1
0.41722 0.61919 1
0.40142 0.72193 1
0.17206 0.59807 1
0.54135 0.54594 1
0.56237 0.3996 1
0.65781 0.55516 1
0.18943 0.42402 1
0.40779 0.32253 1
0.43074 0.37773 1
0.63645 0.35433 1
0.74473 0.54242 1
0.59474 0.29853 1
0.26504 0.27032 1
0.33767 0.43378 1
0.34827 0.793 1
0.60742 0.55248 1
0.83366 0.35034 1
0.39917 0.33891 1
0.39373 0.80423 1
0.48162 0.36784 1
0.58523 0.51141 1
0.46794 0.44923 1
0.46177 0.39449 1
0.71787 0.41455 1
0.57939 0.40807 1
0.31643 0.18467 1
0.21613 0.557 1
0.46194 0.41137 1
0.25028 0.47756 1
0.52684 0.57477 1
0.55954 0.55633 1
0.62394 0.27104 1
0.33517 0.21615 1
0.55503 0.34654 1
0.35409 0.45091 1
0.44275 0.50605 1
0.39568 0.39399 1
0.65047 0.69243 1
0.19986 0.39789 1
0.35134 0.28564 1
0.50114 0.55432 1
0.28173 0.23288 1
0.47328 0.49097 1
0.54919 0.43565 1
0.4314 0.51896 1
0.37264 0.61533 1
0.36467 0.53136 1
0.38364 0.39883 1
0.59457 0.45024 1
0.38724 0.31918 1
0.22737 0.7816 1
0.34243 0.58349 1
0.77209 0.86474 1
0.53368 0.38276 1
0.30764 0.67215 1
0.46227 0.49717 1
0.47745 0.23226 1
0.39733 0.40622 1
0.3195 0.23219 1
0.60759 0.5027 1
0.50131 0.70651 1
0.51816 0.44051 1
0.38993 0.74288 1
0.41142 0.57946 1
0.07987 0.29602 1
0.30734 0.16924 1
0.31466 0.32884 1
0.62561 0.38664 1
0.5532 0.35527 1
0.14525 0.42861 1
0.73105 0.5151 1
0.39089 0.29592 1
0.37403 0.36491 1
0.46944 0.54678 1
0.46811 0.16488 1
0.60659 0.7159 1
0.54102 0.66293 1
0.32816 0.59924 1
0.40868 0.60997 1
0.46928 0.32798 1
0.22674 0.23519 1
0.64513 0.26662 1
0.06055 0.67064 1
0.37474 0.38643 1
0.1933 0.29942 1
0.4299 0.62824 1
0.34568 0.51946 1
0.53401 0.30123 1
0.27325 0.25944 1
0.45192 0.38343 1
0.41372 0.76048 1
0.22732 0.27362 1
0.39792 0.53304 1
0.44375 0.20112 1
0.48412 0.56019 1
0.31944 0.35009 1
0.39156 0.50471 1
0.30212 0.65204 1
0.53568 0.27993 1
0.44525 0.62455 1
0.31895 0.22101 1
0.50515 0.53622 1
0.09872 0.31943 1
0.07428 0.41252 1
0.44976 0.61835 1
0.39877 0.4742 1
0.50298 0.33003 1
0.22981 0.30348 1
0.05182 0.41653 1
0.60575 0.69897 1
0.35275 0.43329 1
0.27524 0.56136 1
0.05841 0.4197 1
0.4596 0.2902 1
0.22829 0.35012 1
0.47962 0.42094 1
0.26868 0.55583 1
0.3993 0.43532 1
0.38342 0.42652 1
0.33432 0.19287 1
0.68617 0.51678 1
0.47445 0.33489 1
0.56171 0.74037 1
0.4309 0.47186 1
0.33594 0.45242 1
0.24673 0.56706 1
0.18871 0.41997 1
0.60642 0.4556 1
0.28417 0.31283 1
0.2408 0.46415 1
0.46861 0.6564 1
0.2108 0.41403 1
0.47762 0.28581 1
0.48613 0.36844 1
0.32045 0.60997 1
0.43357 0.54108 1
0.2858 0.51041 1
0.32643 0.44504 1
0.27297 0.43019 1
0.31832 0.24419 1
0.28693 0.48895 1
0.69301 0.56052 1
0.37651 0.74674 1
0.45259 0.29129 1
0.48129 0.23812 1
0.34291 0.3079 1
0.23445 0.50588 1
0.45059 0.11698 1
0.29845 0.52801 1
0.62811 0.38733 1
0.50999 0.4088 1
0.70653 0.47705 1
0.42206 0.54678 1
0.58657 0.25619 1
0.67466 0.64936 1
0.31837 0.84915 1
0.35564 0.18767 1
0.06433 0.31417 1
0.4948 0.60444 1
0.70452 0.41941 1
0.2547 0.37647 1
0.20483 0.39412 1
0.25642 0.53706 1
0.72304 0.45912 1
0.20748 0.64433 1
0.66398 0.26816 1
0.31645 0.19007 1
0.29895 0.41145 1
0.43024 0.31858 1
0.3621 0.49147 1
0.41377 0.28677 1
0.35367 0.14587 1
0.39667 0.26628 1
0.34516 0.59505 1
0.67332 0.25737 1
0.25255 0.33864 1
0.45126 0.28774 1
0.59541 0.45862 1
0.40139 0.50773 1
0.42473 0.52449 1
0.50131 0.65053 1
0.22607 0.49868 1
0.62711 0.37791 1
0.15019 0.43649 1
0.25855 0.22638 1
0.36814 0.33132 1
0.35551 0.25417 1
0.70903 0.43448 1
0.46894 0.61265 1
0.25522 0.48778 1
0.28932 0.59187 1
0.41006 0.6269 1
0.20088 0.42231 1
0.47361 0.53572 1
0.313 0.53287 1
0.4601 0.36668 1
0.49981 0.49331 1
0.47395 0.20759 1
0.4646 0.2935 1
0.30063 0.5565 1
0.41574 0.49046 1
0.4105 0.60796 1
0.40658 0.25789 1
0.32828 0.51125 1
0.46828 0.43482 1
0.30757 0.37971 1
0.4561 0.30502 1
0.41192 0.6098 1
0.59774 0.42075 1
0.52283 0.3577 1
0.36999 0.39826 1
0.39753 0.11654 1
0.51299 0.39524 1
0.40736 0.43465 1
0.1716 0.55281 1
0.37911 0.41105 1
0.46761 0.3795 1
0.57305 0.64299 1
0.66732 0.59388 1
0.53535 0.34729 1
0.27172 0.54661 1
0.70269 0.51963 1
0.48012 0.22277 1
0.47445 0.53304 1
0.47278 0.39992 1
0.50365 0.44387 1
0.33874 0.84412 1
0.26912 0.37883 1
0.20443 0.34662 1
0.44875 0.13459 1
0.36266 0.46599 1
0.4159 0.45694 1
0.78911 0.93681 1
0.38242 0.49449 1
0.51215 0.35909 1
0.18399 0.54058 1
0.71804 0.51074 1
0.27586 0.43391 1
0.40679 0.24133 1
0.50948 0.406 1
0.46043 0.45158 1
0.50898 0.36672 1
0.52967 0.645 1
0.20642 0.31363 1
0.54669 0.61399 1
0.40444 0.64131 1
0.18184 0.28918 1
0.12443 0.43027 1
0.26071 0.73165 1
0.40724 0.38787 1
0.38344 0.45912 1
0.56971 0.38237 1
0.61026 0.48309 1
0.43074 0.29221 1
0.36096 0.33316 1
0.44241 0.56572 1
0.37226 0.34732 1
0.48279 0.34727 1
0.40933 0.32808 1
0.50231 0.34174 1
0.44859 0.44538 1
0.43357 0.41844 1
0.32509 0.36492 1
0.41455 0.3365 1
0.56404 0.45024 1
0.11357 0.31476 1
0.46761 0.40867 1
0.27893 0.49516 1
0.37241 0.55767 1
0.44625 0.35057 1
0.43391 0.72244 1
0.64346 0.36072 1
0.59507 0.63142 1
0.47261 0.40619 1
0.56187 0.60125 1
0.22157 0.51192 1
0.29256 0.38663 1
0.46878 0.308 1
0.40983 0.45912 1
0.47462 0.52331 1
0.19691 0.27423 1
0.29312 0.25202 1
0.39228 0.39781 1
0.45943 0.57209 1
0.31128 0.369 1
0.58173 0.55633 1
0.47061 0.61315 1
0.76842 0.20147 1
0.37518 0.45811 1
0.53935 0.49968 1
0.30362 0.54427 1
0.35354 0.23978 1
0.05668 0.35892 1
0.63078 0.2512 1
0.32699 0.76484 1
0.26209 0.37766 1
0.63478 0.47253 1
0.40239 0.34206 1
0.45359 0.28041 1
0.54552 0.31083 1
0.60842 0.45577 1
0.42239 0.4675 1
0.34658 0.41578 1
0.62594 0.34286 1
0.37496 0.25981 1
0.40204 0.73182 1
0.49197 0.32637 1
0.41806 0.22257 1
0.7132 0.3337 1
0.44275 0.50404 1
0.139 0.02987 1
0.46894 0.468 1
0.08474 0.24862 1
0.58573 0.71104 1
0.37027 0.38463 1
0.44125 0.52063 1
0.31592 0.32133 1
0.48579 0.49817 1
0.4883 0.46381 1
0.45042 0.58416 1
0.42323 0.40879 1
0.34818 0.34181 1
0.44458 0.48711 1
0.56037 0.55868 1
0.46127 0.41769 1
0.19888 0.53052 1
0.45243 0.38157 1
0.43207 0.3752 1
0.24606 0.44303 1
0.5854 0.44035 1
0.4113 0.33988 1
0.38769 0.33757 1
0.24958 0.54175 1
0.77476 0.41743 1
0.44609 0.54393 1
0.50915 0.44102 1
0.58139 0.31129 1
0.30312 0.3364 1
0.68901 0.21573 1
0.39655 0.17556 1
0.2851 0.21603 1
0.23363 0.36544 1
0.67449 0.27944 1
0.27435 0.40771 1
0.25642 0.38899 1
0.40125 0.69579 1
0.33797 0.3098 1
0.51282 0.468 1
0.48229 0.4846 1
0.24027 0.45862 1
0.35417 0.36665 1
0.55236 0.45912 1
0.41655 0.33718 1
0.33689 0.32319 1
0.54335 0.29868 1
0.45042 0.31016 1
0.47728 0.60896 1
0.14125 0.42706 1
0.45626 0.31432 1
0.46861 0.52868 1
0.49497 0.25753 1
0.32017 0.38988 1
0.24397 0.56421 1
0.21523 0.26623 1
0.44775 0.50437 1
0.01687 0.27785 1
0.34888 0.78445 1
0.65697 0.01991 1
0.32344 0.37484 1
0.39505 0.60729 1
0.51482 0.41594 1
0.36729 0.77037 1
0.30512 0.22187 1
0.31683 0.4263 1
0.20795 0.40326 1
0.28622 0.45242 1
0.09383 0.30301 1
0.54502 0.47689 1
0.53852 0.12028 1
0.35497 0.58935 1
0.50081 0.17324 1
0.04939 0.3056 1
0.4329 0.4623 1
0.48579 0.19393 1
0.43374 0.58181 1
0.39962 0.52281 1
0.48012 0.49901 1
0.18293 0.37474 1
0.24397 0.35783 1
0.43908 0.57963 1
0.34133 0.37017 1
0.66682 0.3914 1
0.32731 0.45962 1
0.56104 0.7754 1
0.49497 0.67517 1
0.66098 0.49817 1
0.41222 0.43218 1
0.35073 0.32069 1
0.41579 0.59271 1
0.66798 0.61567 1
0.50148 0.38034 1
0.30936 0.30007 1
0.33262 0.4147 1
0.40913 0.43334 1
0.59925 0.39586 1
0.4274 0.35986 1
0.49614 0.63344 1
0.76025 0.57661 1
0.2555 0.29593 1
0.26338 0.5203 1
0.45059 0.32123 1
0.55804 0.35545 1
0.5552 0.51208 1
0.54068 0.51074 1
0.73639 0.37024 1
0.37958 0.19264 1
0.53301 0.29986 1
0.22083 0.33547 1
0.33397 0.51879 1
0.24965 0.52683 1
0.54786 0.19071 1
0.13799 0.46582 1
0.42106 0.49164 1
0.35551 0.42709 1
0.4611 0.54376 1
0.29411 0.43783 1
0.34897 0.71137 1
0.49897 0.4737 1
0.33273 0.73702 1
0.44208 0.3643 1
0.4943 0.22609 1
0.44025 0.27371 1
0.58807 0.24471 1
0.27375 0.35252 1
0.68467 0.4494 1
0.61293 0.42231 1
0.47845 0.55617 1
0.34176 0.62187 1
0.34641 0.58047 1
0.35013 0.27855 1
0.78194 0.33794 1
0.38636 0.50639 1
0.15615 0.27792 1
0.31837 0.15092 1
0.34793 0.40193 1
0.34556 0.37446 1
0.57989 0.46448 1
0.51866 0.45359 1
0.24209 0.52734 1
0.61126 0.65539 1
0.46627 0.43716 1
0.31181 0.26772 1
0.526 0.52264 1
0.46544 0.42235 1
0.40709 0.25941 1
0.47428 0.2271 1
0.40888 0.78747 1
0.44191 0.59824 1
0.44375 0.27217 1
0.39011 0.68942 1
0.42556 0.52298 1
0.66698 0.24034 1
0.36527 0.32475 1
0.45927 0.32894 1
0.79795 0.59338 1
0.56471 0.49733 1
0.35657 0.39549 1
0.41906 0.42922 1
0.40634 0.20764 1
0.50014 0.54946 1
0.5225 0.43296 1
0.43424 0.47521 1
0.53001 0.49264 1
0.57989 0.20118 1
0.62711 0.60662 1
0.33924 0.51292 1
0.44258 0.29613 1
0.55136 0.75814 1
0.41575 0.48661 1
0.64529 0.3942 1
0.1743 0.22864 1
0.34987 0.34814 1
0.29556 0.62388 1
0.53451 0.48996 1
0.53585 0.61466 1
0.53685 0.32776 1
0.4299 0.59572 1
0.25825 0.59555 1
0.4963 0.39504 1
0.36402 0.47018 1
0.54519 0.71389 1
0.36815 0.42246 1
0.56538 0.46163 1
0.41439 0.62656 1
0.5235 0.62958 1
0.78794 0.38183 1
0.33368 0.51929 1
0.34481 0.2871 1
0.40739 0.18375 1
0.3528 0.66277 1
0.35876 0.42654 1
0.28945 0.82904 1
0.60759 0.45761 1
0.42073 0.53404 1
0.53768 0.63528 1
0.28028 0.6636 1
0.52383 0.74439 1
0.4948 0.55147 1
0.39927 0.43767 1
0.5869 0.54024 1
0.61893 0.31328 1
0.3 0.33336 1
0.40546 0.46147 1
0.20405 0.45862 1
0.40881 0.21025 1
0.44392 0.57695 1
0.42707 0.5731 1
0.54235 0.48259 1
0.4576 0.43817 1
0.30417 0.13892 1
0.46844 0.68908 1
0.54052 0.30334 1
0.5552 0.15952 1
0.76442 0.60997 1
0.21352 0.56622 1
0.18484 0.26236 1
0.44909 0.28519 1
0.28073 0.39506 1
0.39553 0.41866 1
0.58823 0.34945 1
0.26289 0.37873 1
0.5552 0.4204 1
0.24454 0.5446 1
0.21883 0.30591 1
0.43107 0.52935 1
0.32568 0.51477 1
0.3492 0.8706 1
0.39376 0.50153 1
0.31285 0.4851 1
0.25075 0.41318 1
0.10623 0.35914 1
0.47061 0.47119 1
0.28895 0.61466 1
0.31034 0.24528 1
0.54502 0.2863 1
0.32424 0.41071 1
0.59491 0.34072 1
0.50298 0.49147 1
0.50765 0.30661 1
0.28333 0.28212 1
0.52116 0.40667 1
0.41756 0.66042 1
0.65247 0.60159 1
0.46677 0.51829 1
0.70002 0.48393 1
0.39221 0.34303 1
0.61593 0.41008 1
0.52951 0.38069 1
0.45977 0.49968 1
0.48846 0.25487 1
0.65831 0.64064 1
0.25305 0.33903 1
0.44792 0.44823 1
0.59724 0.56857 1
0.37423 0.56991 1
0.47044 0.50806 1
0.44241 0.23693 1
0.3016 0.60125 1
0.07982 0.16066 1
0.22233 0.41645 1
0.57205 0.2729 1
0.48463 0.50102 1
0.39455 0.81613 1
0.4571 0.29551 1
0.29162 0.26856 1
0.45943 0.51091 1
0.55537 0.60544 1
0.37748 0.39357 1
0.53618 0.48024 1
0.34071 0.23906 1
0.62494 0.47203 1
0.46911 0.37439 1
0.71453 0.20717 1
0.3055 0.38178 1
0.68817 0.54812 1
0.43591 0.53421 1
0.33468 0.54175 1
0.38402 0.41881 1
0.40761 0.36579 1
0.52734 0.27203 1
0.37801 0.65807 1
0.59875 0.45627 1
0.4581 0.09919 1
0.49013 0.4106 1
0.47261 0.34746 1
0.40297 0.50789 1
0.53735 0.50806 1
0.35466 0.72177 1
0.33045 0.73869 1
0.50448 0.42335 1
0.49313 0.45174 1
0.41839 0.28918 1
0.2267 0.14956 1
0.70052 0.32165 1
0.66098 0.32389 1
0.64296 0.64684 1
0.28128 0.36328 1
0.58556 0.3938 1
0.4963 0.53337 1
0.48329 0.48124 1
0.69318 0.52918 1
0.47478 0.6274 1
0.50615 0.87396 1
0.7429 0.64534 1
0.31181 0.4313 1
0.47445 0.51577 1
0.29047 0.38173 1
0.29019 0.47772 1
0.51899 0.36901 1
0.28994 0.41276 1
0.24282 0.32071 1
0.31618 0.45376 1
0.29588 0.55818 1
0.56788 0.31891 1
0.38951 0.52449 1
0.58857 0.6155 1
0.32139 0.49767 1
0.52667 0.40919 1
0.48613 0.40615 1
0.60876 0.5203 1
0.82965 0.585 1
0.29079 0.50655 1
0.79946 0.53404 1
0.3207 0.46851 1
0.13971 0.46063 1
0.54986 0.24733 1
0.15703 0.27176 1
0.37693 0.44856 1
0.25582 0.36759 1
0.62627 0.21072 1
0.26615 0.56505 1
0.48196 0.15799 1
0.48679 0.34126 1
0.59824 0.39787 1
0.43007 0.39315 1
0.27264 0.34959 1
0.49447 0.70618 1
0.48646 0.24657 1
0.30669 0.41794 1
0.35365 0.40728 1
0.39193 0.55047 1
0.26853 0.54209 1
0.57439 0.44621 1
0.44859 0.83541 1
0.23123 0.27646 1
0.1929 0.76819 1
0.41535 0.23799 1
0.31213 0.52985 1
0.32319 0.3735 1
0.38192 0.22731 1
0.57656 0.41782 1
0.28432 0.23615 1
0.56471 0.53924 1
0.22203 0.36744 1
0.25482 0.48711 1
0.3061 0.53387 1
0.47829 0.34008 1
0.43641 0.65606 1
0.63612 0.34164 1
0.35365 0.59639 1
0.686 0.3158 1
0.50081 0.56119 1
0.48846 0.44169 1
0.50548 0.62774 1
0.47628 0.33998 1
0.30467 0.34038 1
0.18022 0.34928 1
0.21928 0.36199 1
0.59674 0.47119 1
0.35364 0.33941 1
0.59774 0.45275 1
0.44609 0.37262 1
0.36705 0.38597 1
0.51199 0.55231 1
0.4581 0.51426 1
0.76158 0.50789 1
0.29841 0.49264 1
0.43107 0.40912 1
0.43207 0.42107 1
0.43557 0.30061 1
0.20957 0.29461 1
0.64763 0.5741 1
0.54969 0.48275 1
0.39582 0.36537 1
0.61893 0.48158 1
0.32511 0.35126 1
0.35165 0.37836 1
0.52667 0.27002 1
0.39328 0.52818 1
0.4893 0.47001 1
0.1775 0.47236 1
0.57689 0.68623 1
0.34643 0.43044 1
0.29057 0.26643 1
0.258 0.56857 1
0.42523 0.72629 1
0.46777 0.63612 1
0.33976 0.47957 1
0.26198 0.32312 1
0.27107 0.67148 1
0.19133 0.17515 1
0.66465 0.67266 1
0.55904 0.42082 1
0.46811 0.32805 1
0.71403 0.33862 1
0.30597 0.51376 1
0.46644 0.6455 1
0.37576 0.64182 1
0.36669 0.37981 1
0.65731 0.94251 1
0.45343 0.68757 1
0.39842 0.4799 1
0.37761 0.26528 1
0.54085 0.56036 1
0.55587 0.4608 1
0.3447 0.57041 1
0.33695 0.66629 1
0.15501 0.05984 1
0.22942 0.20259 1
0.4556 0.26008 1
0.44208 0.55432 1
0.37918 0.30358 1
0.15752 0.55399 1
0.29785 0.37662 1
0.6845 0.45476 1
0.60458 0.55315 1
0.3524 0.29862 1
0.48329 0.53823 1
0.43207 0.29823 1
0.63595 0.44688 1
0.09647 0.45359 1
0.24572 0.50186 1
0.51933 0.62874 1
0.40995 0.18521 1
0.44325 0.38732 1
0.53601 0.3465 1
0.37207 0.74925 1
0.47111 0.26283 1
0.4616 0.48929 1
0.35973 0.58433 1
0.36081 0.527 1
0.4953 0.59036 1
0.49797 0.66763 1
0.54102 0.55365 1
0.32381 0.21828 1
0.63895 0.33358 1
0.20934 0.18089 1
0.63278 0.5032 1
0.51799 0.38499 1
0.36792 0.55416 1
0.49097 0.44068 1
0.46277 0.54494 1
0.51549 0.51812 1
0.51249 0.40726 1
0.56604 0.39865 1
0.43975 0.59472 1
0.50281 0.35425 1
0.14879 0.46934 1
0.47211 0.40909 1
0.6181 0.3691 1
0.49814 0.50957 1
0.50398 0.28239 1
0.52884 0.91452 1
0.522 0.48175 1
0.22902 0.22435 1
0.35916 0.37868 1
0.30877 0.49164 1
0.51015 0.44823 1
0.37308 0.37535 1
0.23782 0.249 1
0.53017 0.53203 1
0.53418 0.38272 1
0.52734 0.48845 1
0.45593 0.87664 1
0.0 0.19691 1
0.31825 0.40413 1
0.37866 0.58835 1
0.59541 0.72227 1
0.13799 0.45309 1
0.2556 0.38137 1
0.35753 0.63897 1
0.48963 0.55416 1
0.59241 0.47588 1
0.56538 0.44755 1
0.36674 0.34514 1
0.55386 0.38856 1
0.69134 0.74389 1
0.45626 0.41802 1
0.48129 0.6455 1
0.33734 0.2967 1
0.08312 0.32832 1
0.53685 0.65673 1
0.3842 0.13097 1
0.39476 0.79769 1
0.55837 0.35267 1
0.4943 0.19252 1
0.26419 0.71003 1
0.56488 0.61718 1
0.37136 0.33804 1
0.34186 0.44655 1
0.41789 0.50639 1
0.46661 0.27411 1
0.80213 0.40269 1
0.3634 0.55902 1
0.51382 0.62455 1
0.47762 0.2099 1
0.3002 0.26018 1
0.33562 0.51225 1
0.59491 0.55416 1
0.36313 0.46113 1
0.37863 0.4287 1
0.72922 0.46633 1
0.54068 0.1064 1
0.43307 0.41182 1
0.48412 0.23398 1
0.23028 0.68053 1
0.12735 0.14291 1
0.54502 0.49532 1
0.26918 0.63662 1
0.46944 0.41227 1
0.22627 0.4504 1
0.71203 0.51477 1
0.27677 0.52667 1
0.33737 0.46365 1
0.43741 0.26659 1
0.09592 0.42057 1
0.44141 0.12485 1
0.61443 0.41588 1
0.34933 0.45443 1
0.49347 0.23792 1
0.44825 0.46717 1
0.30422 0.2669 1
0.60675 0.51108 1
0.18274 0.53723 1
0.29151 0.35078 1
0.59407 0.9581 1
0.2507 0.48577 1
0.70669 0.35208 1
0.6473 0.52013 1
0.28502 0.66377 1
0.48513 0.55935 1
0.2385 0.49097 1
0.32361 0.57226 1
0.35819 0.51376 1
0.3677 0.49415 1
0.67065 0.45711 1
0.22434 0.36636 1
0.30297 0.57209 1
0.49213 0.26144 1
0.48379 0.38566 1
0.52483 0.35601 1
0.38961 0.67752 1
0.51199 0.43968 1
0.35002 0.43386 1
0.55787 0.67081 1
0.34893 0.39063 1
0.51165 0.50555 1
0.26893 0.46733 1
0.38928 0.39741 1
0.23553 0.6088 1
0.38664 0.61818 1
0.31038 0.50153 1
0.63161 0.56421 1
0.70269 0.24466 1
0.21508 0.35086 1
0.40653 0.54443 1
0.37057 0.37505 1
0.35948 0.45409 1
0.54369 0.42996 1
0.38464 0.52365 1
0.38921 0.41048 1
0.24783 0.53438 1
0.25687 0.49164 1
0.52433 0.28482 1
0.64963 0.45594 1
0.43441 0.22527 1
0.4576 0.52968 1
0.18947 0.27552 1
0.43708 0.43096 1
0.29603 0.40139 1
0.69885 0.5555 1
0.27946 0.42655 1
0.56771 0.30322 1
0.46944 0.45376 1
0.25979 0.32258 1
0.51416 0.48208 1
0.48846 0.47705 1
0.47812 0.26565 1
0.41382 0.44856 1
0.40506 0.27756 1
0.58073 0.53371 1
0.47528 0.34099 1
0.41655 0.64517 1
0.43958 0.35857 1
0.24222 0.51829 1
0.40162 0.44018 1
0.63712 0.26868 1
0.27931 0.43515 1
0.73189 0.34825 1
0.56204 0.46532 1
0.09513 0.2895 1
0.39775 0.56488 1
0.20533 0.35334 1
0.42306 0.38021 1
0.12343 0.53907 1
0.2898 0.42628 1
0.29873 0.21271 1
0.55787 0.46448 1
0.36613 0.06639 1
0.54986 0.61047 1
0.43824 0.53421 1
0.33832 0.6636 1
0.52767 0.68003 1
0.47094 0.53069 1
0.45826 0.19862 1
0.40049 0.01793 1
0.5914 0.43425 1
0.47979 0.59304 1
0.52183 0.33034 1
0.41122 0.51795 1
0.62611 0.58064 1
0.43741 0.23357 1
0.38656 0.65724 1
0.26142 0.2572 1
0.60509 0.43515 1
0.50214 0.38108 1
0.41672 0.16776 1
0.41332 0.44957 1
0.61259 0.42417 1
0.43074 0.39435 1
0.34288 0.36385 1
0.34174 0.10789 1
0.46677 0.38197 1
0.50081 0.43867 1
0.33677 0.25227 1
0.17765 0.20033 1
0.53401 0.6279 1
0.12593 0.4623 1
0.3493 0.50287 1
0.45293 0.4903 1
0.73656 0.29587 1
0.23748 0.68372 1
0.6518 0.50153 1
0.7187 0.38934 1
0.58907 0.58684 1
0.36685 0.3729 1
0.36502 0.49398 1
0.32896 0.66847 1
0.52917 0.59371 1
0.31762 0.29588 1
0.34985 0.28288 1
0.18453 0.46432 1
0.55069 0.72663 1
0.4591 0.26566 1
0.36874 0.55114 1
0.684 0.48795 1
0.35854 0.47286 1
0.44725 0.40329 1
0.5205 0.75311 1
0.25877 0.32481 1
0.01633 0.40024 1
0.57255 0.53052 1
0.44575 0.46934 1
0.38961 0.77339 1
0.49697 0.4437 1
0.40855 0.53253 1
0.281 0.44454 1
0.25687 0.22686 1
0.69585 0.3256 1
0.524 0.29498 1
0.77059 0.50622 1
0.29626 0.44487 1
0.59357 0.3635 1
0.5899 0.39157 1
0.56554 0.57796 1
0.70786 0.54728 1
0.24908 0.25894 1
0.59207 0.71959 1
0.37384 0.25462 1
0.42506 0.42682 1
0.13693 0.28621 1
0.24728 0.34794 1
0.36148 0.28212 1
0.65797 0.40672 1
0.75141 0.44085 1
0.56204 0.31521 1
0.51449 0.63042 1
0.5849 0.43074 1
0.37376 0.27426 1
0.194 0.32413 1
0.38864 0.55969 1
0.55787 0.36249 1
0.59107 0.4556 1
0.68467 0.33405 1
0.16938 0.46348 1
0.22238 0.41147 1
0.75007 0.48694 1
0.34878 0.58734 1
0.34892 0.28807 1
0.37434 0.48761 1
0.3942 0.5622 1
0.40544 0.37236 1
0.44992 0.49197 1
0.33437 0.40796 1
0.64012 0.43311 1
0.41806 0.60746 1
0.1588 0.40496 1
0.49797 0.51024 1
0.36602 0.16154 1
0.26798 0.4794 1
0.54803 0.51192 1
0.48863 0.61148 1
0.20398 0.37164 1
0.4953 0.21416 1
0.69401 0.55298 1
0.3825 0.55868 1
0.37257 0.5865 1
0.11842 0.86122 1
0.46494 0.5203 1
0.42123 0.24679 1
0.58139 0.72411 1
0.61226 0.4737 1
0.42757 0.6031 1
0.48696 0.52818 1
0.65747 0.61449 1
0.4963 0.65254 1
0.19367 0.36695 1
0.47662 0.34394 1
0.64963 0.26583 1
0.40816 0.39042 1
0.36787 0.27096 1
0.38929 0.58784 1
0.42139 0.60913 1
0.46143 0.42085 1
0.4566 0.32017 1
0.22016 0.61299 1
0.61042 0.62304 1
0.30944 0.48141 1
0.18286 0.29593 1
0.52166 0.24493 1
0.35901 0.64098 1
0.66048 0.38183 1
0.20436 0.58701 1
0.75858 0.55164 1
0.57872 0.40907 1
0.31952 0.46784 1
0.35225 0.54812 1
0.48146 0.65589 1
0.44859 0.27528 1
0.67816 0.59522 1
0.45643 0.29595 1
0.32976 0.17614 1
0.45076 0.37196 1
0.27342 0.08027 1
0.5894 0.51929 1
0.35869 0.1872 1
0.45042 0.24733 1
0.35315 0.24912 1
0.70219 0.5498 1
0.41524 0.5037 1
0.26528 0.30807 1
0.43541 0.53019 1
0.77176 0.52885 1
0.30489 0.27594 1
0.525 0.37994 1
0.54736 0.40493 1
0.52717 0.67986 1
0.30894 0.31521 1
0.57288 0.68992 1
0.61576 0.3755 1
0.44775 0.557 1
0.25991 0.31725 1
0.38192 0.7216 1
0.3777 0.34823 1
0.42156 0.70081 1
0.49247 0.61098 1
0.59891 0.10228 1
0.60742 0.39213 1
0.5869 0.40456 1
0.46844 0.41916 1
0.14302 0.6693 1
0.36368 0.31725 1
0.48663 0.38415 1
0.62027 0.41495 1
0.7152 0.26159 1
0.5255 0.40279 1
0.62644 0.50169 1
0.44542 0.58181 1
0.47178 0.36318 1
0.2717 0.76048 1
0.36125 0.64332 1
0.60809 0.51376 1
0.23526 0.763 1
0.38973 0.23497 1
0.48663 0.33336 1
0.63812 0.53404 1
0.36922 0.31365 1
0.27007 0.54041 1
0.21499 0.42196 1
0.43891 0.54661 1
0.38918 0.21595 1
0.5577 0.3897 1
0.60258 0.44051 1
0.46878 0.12619 1
0.48412 0.40627 1
0.29337 0.56723 1
0.54652 0.41651 1
0.39924 0.45107 1
0.49914 0.42771 1
0.48262 0.36289 1
0.36201 0.53287 1
0.63178 0.72948 1
0.65964 0.38053 1
0.35219 0.48862 1
0.18721 0.50102 1
0.42757 0.41583 1
0.39058 0.645 1
0.50481 0.45627 1
0.44909 0.24734 1
0.33594 0.0 1
0.56087 0.36207 1
0.47695 0.49583 1
0.47979 0.18395 1
0.33852 0.43683 1
0.39083 0.25237 1
0.43975 0.57896 1
0.51165 0.47907 1
0.4259 0.55164 1
0.20016 0.30066 1
0.38102 0.46582 1
0.68083 0.42263 1
0.08109 0.40681 1
0.53651 0.34561 1
0.25025 0.35815 1
0.28557 0.40471 1
0.3038 0.3455 1
0.525 0.5084 1
0.37621 0.67132 1
0.52517 0.38232 1
0.40786 0.52784 1
0.47895 0.49901 1
0.31573 0.40523 1
0.35564 0.13349 1
0.22098 0.31839 1
0.36742 0.37399 1
0.43841 0.21516 1
0.47628 0.50203 1
0.47845 0.25267 1
0.29965 0.3202 1
0.49263 0.5689 1
0.34857 0.34912 1
0.4319 0.40084 1
0.36555 0.31487 1
0.55303 0.31375 1
0.37398 0.57276 1
0.43908 0.5736 1
0.3191 0.5969 1
0.39363 0.39402 1
0.26705 0.43666 1
0.53001 0.48242 1
0.36543 0.25189 1
0.37746 0.17785 1
0.4943 0.21426 1
0.53451 0.46297 1
0.27853 0.39021 1
0.36862 0.58567 1
0.50865 0.78998 1
0.48696 0.12386 1
0.53318 0.27 1
0.42707 0.38748 1
0.48679 0.32216 1
0.51833 0.57879 1
0.63328 0.47471 1
0.47962 0.39747 1
0.44809 0.63645 1
0.35631 0.4048 1
0.56571 0.20035 1
0.46294 0.61952 1
0.35375 0.46113 1
0.26676 0.4918 1
0.32756 0.4675 1
0.25697 0.44471 1
0.29973 0.34955 1
0.47495 0.64466 1
0.6518 0.31648 1
0.56421 0.36174 1
0.35903 0.41361 1
0.37496 0.23517 1
0.74089 0.43349 1
0.60275 0.41953 1
0.5839 0.45342 1
0.24065 0.34414 1
0.43557 0.53572 1
0.4591 0.57678 1
0.35332 0.42012 1
0.51349 0.33326 1
0.336 0.21759 1
0.31238 0.23647 1
0.22635 0.62539 1
0.35282 0.4385 1
0.45593 0.54527 1
0.43124 0.2964 1
0.49514 0.47219 1
0.523 0.28593 1
0.62811 0.26394 1
0.31538 0.37094 1
0.3327 0.53656 1
0.41305 0.61718 1
0.6488 0.57276 1
0.28718 0.34258 1
0.52467 0.39405 1
0.401 0.49884 1
0.23481 0.74892 1
0.46344 0.30006 1
0.36899 0.38866 1
0.27274 0.28767 1
0.32548 0.44035 1
0.46227 0.40567 1
0.20313 0.41361 1
0.51516 0.51611 1
0.53501 0.37488 1
0.32492 0.28673 1
0.40389 0.67735 1
0.23548 0.25837 1
0.39253 0.4489 1
0.45877 0.50119 1
0.27811 0.50907 1
0.31612 0.22446 1
0.16626 0.49834 1
0.37665 0.30234 1
0.46894 0.35463 1
0.57489 0.32096 1
0.45359 0.63427 1
0.10962 0.23202 1
0.3649 0.34757 1
0.04862 0.77624 1
0.54486 0.47907 1
0.63962 0.25827 1
0.42106 0.33011 1
0.23752 0.68506 1
0.35632 0.58801 1
0.33322 0.35557 1
0.55103 0.45459 1
0.45092 0.50387 1
0.38647 0.53052 1
0.31199 0.4318 1
0.64296 0.49633 1
0.5275 0.38423 1
0.15475 0.21161 1
0.53218 0.62086 1
0.40024 0.40553 1
0.61309 0.44521 1
0.23707 0.39306 1
0.31954 0.27654 1
0.09578 0.53438 1
0.38757 0.41524 1
0.46627 0.2657 1
0.6493 0.32227 1
0.32978 0.64031 1
0.76042 0.72545 1
0.48846 0.50387 1
0.51499 0.40478 1
0.39021 0.6631 1
0.32631 0.3727 1
0.48129 0.55667 1
0.51799 0.25948 1
0.5215 0.46281 1
0.52734 0.18907 1
0.49213 0.60377 1
0.21095 0.59606 1
0.35033 0.7925 1
0.50181 0.57863 1
0.18488 0.30467 1
0.28021 0.52214 1
0.4114 0.41976 1
0.35469 0.16657 1
0.41822 0.27671 1
0.51316 0.27941 1
0.55687 0.3187 1
0.52216 0.2507 1
0.73539 0.46784 1
0.52767 0.45091 1
0.45993 0.39947 1
0.45826 0.33345 1
0.23763 0.51527 1
0.62194 0.49532 1
0.53635 0.49314 1
0.34233 0.35455 1
0.30389 0.52432 1
0.52433 0.22696 1
0.23882 0.52365 1
0.43507 0.51695 1
0.31004 0.44403 1
0.44692 0.23933 1
0.35969 0.45577 1
0.43607 0.32347 1
0.2702 0.3431 1
0.47361 0.35624 1
0.37274 0.58265 1
0.28764 0.56874 1
0.30744 0.59673 1
0.52984 0.71221 1
0.73973 0.76819 1
0.64796 0.61734 1
0.13594 0.39037 1
0.90657 0.56539 1
0.44108 0.49968 1
0.47879 0.10618 1
0.32823 0.65372 1
0.54602 0.42339 1
0.38876 0.28281 1
0.28945 0.70417 1
0.47979 0.67483 1
0.45176 0.34097 1
0.53735 0.62254 1
0.58773 0.60075 1
0.14694 0.16119 1
0.43441 0.42595 1
0.38222 0.35088 1
0.13059 0.59539 1
0.54435 0.40361 1
0.64062 0.30587 1
0.64696 0.46063 1
0.0918 0.4223 1
0.37206 0.43074 1
0.46077 0.44705 1
0.49414 0.5094 1
0.3348 0.83842 1
0.46744 0.28643 1
0.35257 0.33182 1
0.48663 0.29194 1
0.21886 0.31739 1
0.18658 0.46247 1
0.53268 0.41408 1
0.21604 0.408 1
0.24382 0.56924 1
0.45259 0.58097 1
0.51182 0.2312 1
0.45226 0.02729 1
0.3653 0.51896 1
0.50598 0.51276 1
0.45526 0.27993 1
0.24085 0.41494 1
0.59507 0.5746 1
0.53017 0.32273 1
0.38479 0.51007 1
0.29423 0.51879 1
0.37695 0.25993 1
0.7182 0.61265 1
0.35637 0.32746 1
0.21379 0.33638 1
0.56054 0.52231 1
0.20471 0.43369 1
0.19522 0.42627 1
0.58406 0.64399 1
0.48513 0.45996 1
0.39453 0.78982 1
0.58924 0.39382 1
0.37596 0.43834 1
0.50698 0.41363 1
0.22061 0.53873 1
0.21528 0.36905 1
0.40774 0.5979 1
0.65597 0.29682 1
0.4289 0.10156 1
0.26461 0.43311 1
0.38677 0.31989 1
0.62978 0.67048 1
0.33969 0.6103 1
0.08853 0.54209 1
0.23086 0.50236 1
0.46711 0.17534 1
0.42239 0.42094 1
0.37181 0.45912 1
0.20867 0.45275 1
0.39521 0.62254 1
0.50598 0.49583 1
0.30654 0.54896 1
0.66114 0.29022 1
0.32215 0.22222 1
0.53451 0.5736 1
0.50531 0.27056 1
0.27659 0.41462 1
0.68901 0.51493 1
0.33238 0.39171 1
0.46511 0.31442 1
0.32506 0.2838 1
0.53952 0.27652 1
0.24451 0.6269 1
0.27207 0.56606 1
0.57022 0.24723 1
0.47178 0.24292 1
0.68417 0.28938 1
0.46777 0.49633 1
0.44492 0.37486 1
0.46027 0.41988 1
0.20061 0.50588 1
0.36525 0.48879 1
0.53535 0.42266 1
0.41323 0.52482 1
0.62961 0.58097 1
0.13621 0.52968 1
0.4948 0.24067 1
0.49514 0.3757 1
0.32379 0.28068 1
0.56504 0.43287 1
0.5547 0.3257 1
0.43324 0.26415 1
0.40256 0.3694 1
0.35063 0.52264 1
0.35886 0.38063 1
0.70586 0.38656 1
0.45459 0.25886 1
0.70369 0.6445 1
0.27584 0.42858 1
0.41922 0.37682 1
0.4641 0.52466 1
0.41889 0.193 1
0.40074 0.43182 1
0.5844 0.52885 1
0.24097 0.72445 1
0.43574 0.41953 1
0.4913 0.4283 1
0.47678 0.40206 1
0.2863 0.36973 1
0.01929 0.44253 1
0.416 0.40934 1
0.2519 0.52331 1
0.53768 0.59086 1
0.32866 0.61634 1
0.25318 0.21672 1
0.4923 0.70936 1
0.50765 0.40034 1
0.34271 0.47856 1
0.31568 0.30577 1
0.25548 0.45107 1
0.48479 0.29111 1
0.28018 0.28983 1
0.32244 0.36132 1
0.5537 0.34419 1
0.24274 0.27887 1
0.48062 0.38847 1
0.32829 0.20619 1
0.4239 0.18147 1
0.45893 0.46666 1
0.50498 0.67835 1
0.27405 0.37422 1
0.52784 0.53471 1
0.3213 0.30415 1
0.21523 0.58013 1
0.15773 0.53052 1
0.33317 0.20955 1
0.30067 0.5208 1
0.34566 0.30658 1
0.34618 0.34556 1
0.1608 0.30396 1
0.24879 0.65623 1
0.32561 0.30676 1
0.36166 0.53672 1
0.46027 0.43448 1
0.39123 0.38277 1
0.43607 0.70718 1
0.26675 0.66394 1
0.53401 0.68087 1
0.53768 0.40632 1
0.42056 0.48041 1
0.54836 0.37629 1
0.35012 0.31043 1
0.31106 0.39534 1
0.29471 0.64047 1
0.52834 0.27584 1
0.66748 0.45811 1
0.21119 0.40845 1
0.64763 0.42868 1
0.50598 0.47739 1
0.42139 0.23003 1
0.49814 0.35892 1
0.41689 0.44521 1
0.66965 0.39613 1
0.30183 0.37017 1
0.60892 0.40689 1
0.44675 0.37196 1
0.40092 0.49918 1
0.19581 0.43582 1
0.60625 0.51376 1
0.34735 0.5565 1
0.56087 0.51812 1
0.48696 0.33306 1
0.2833 0.48057 1
0.41906 0.40555 1
0.18393 0.74808 1
0.79111 0.43817 1
0.32324 0.31311 1
0.17488 0.50169 1
0.48329 0.49164 1
0.3137 0.42137 1
0.37796 0.4608 1
0.25877 0.3194 1
0.29549 0.42084 1
0.4119 0.50421 1
0.58073 0.4727 1
0.69735 0.3311 1
0.34079 0.26414 1
0.56254 0.72244 1
0.5899 0.19951 1
0.56037 0.51125 1
0.2704 0.38845 1
0.39356 0.56505 1
0.49647 0.16709 1
0.16406 0.44806 1
0.73389 0.33797 1
0.68434 0.50437 1
0.289 0.66126 1
0.28014 0.19584 1
0.50531 0.56052 1
0.31178 0.48292 1
0.65347 0.52801 1
0.44141 0.31303 1
0.13229 0.2192 1
0.11193 0.48845 1
0.5869 0.50622 1
0.27315 0.44806 1
0.33227 0.35849 1
0.41145 0.2123 1
0.37311 0.27718 1
0.60642 0.53203 1
0.51466 0.13652 1
0.35707 0.37337 1
0.31481 0.38986 1
0.46227 0.51963 1
0.38305 0.55885 1
0.29458 0.37942 1
0.26236 0.78663 1
0.44091 0.54728 1
0.33106 0.59874 1
0.4898 0.4613 1
0.47979 0.40802 1
0.53952 0.58919 1
0.33313 0.34216 1
0.46093 0.45309 1
0.27609 0.46113 1
0.25108 0.47923 1
0.48746 0.75546 1
0.54619 0.40294 1
0.41839 0.49532 1
0.63412 0.72445 1
0.57956 0.44554 1
0.22771 0.35746 1
0.39431 0.46867 1
0.33892 0.66076 1
0.67032 0.44521 1
0.53401 0.31509 1
0.37149 0.73182 1
0.3959 0.64802 1
0.55103 0.61483 1
0.28972 0.38909 1
0.32766 0.29233 1
0.45092 0.49348 1
0.18426 0.39172 1
0.65047 0.45694 1
0.37411 0.2662 1
0.64012 0.5451 1
0.31954 0.33976 1
0.49313 0.62271 1
0.3134 0.43187 1
0.64212 0.48443 1
0.29389 0.90631 1
0.57555 0.50437 1
0.29216 0.27787 1
0.5879 0.62355 1
0.18062 0.27349 1
0.25402 0.52331 1
0.34097 0.64282 1
0.4953 0.62271 1
0.61743 0.35378 1
0.31366 0.42188 1
0.34309 0.35126 1
0.5889 0.73149 1
0.39023 0.45594 1
0.37137 0.63243 1
0.48763 0.42379 1
0.57872 0.33638 1
0.67299 0.74523 1
0.38876 0.34984 1
0.10881 0.55399 1
0.47712 0.54762 1
0.58123 0.76266 1
0.46294 0.32473 1
0.33305 0.52399 1
0.6216 0.62958 1
0.41352 0.27207 1
0.40226 0.44119 1
0.25332 0.24773 1
0.39995 0.51544 1
0.78694 0.60159 1
0.60108 0.47035 1
0.67132 0.40513 1
0.58123 0.21759 1
0.51349 0.37463 1
0.41567 0.45543 1
0.23908 0.63511 1
0.49664 0.52449 1
0.16869 0.42603 1
0.37214 0.26353 1
0.56621 0.49113 1
0.33045 0.43666 1
0.48763 0.31231 1
0.29039 0.36174 1
0.54369 0.32188 1
0.41192 0.33043 1
0.54385 0.47437 1
0.34318 0.48409 1
0.19884 0.32341 1
0.41422 0.41014 1
0.5894 0.41252 1
0.81597 0.55684 1
0.36225 0.43019 1
0.54202 0.79602 1
0.32122 0.42675 1
0.49731 0.50773 1
0.61276 0.41122 1
0.29825 0.41329 1
0.46961 0.52399 1
0.33642 0.65405 1
0.2101 0.39209 1
0.52734 0.36021 1
0.44392 0.3169 1
0.50431 0.05836 1
0.49564 0.64634 1
0.3849 0.58768 1
0.56504 0.47856 1
0.27497 0.59287 1
0.0993 0.11823 1
0.15169 0.30198 1
0.25812 0.375 1
0.51065 0.27974 1
0.41615 0.18886 1
0.38047 0.43126 1
0.5527 0.52549 1
0.3781 0.47605 1
0.43941 0.55164 1
0.44792 0.28261 1
0.35105 0.37749 1
0.35846 0.46013 1
0.17126 0.29102 1
0.43524 0.50655 1
0.4586 0.36739 1
0.39019 0.37372 1
0.4254 0.65455 1
0.60158 0.43666 1
0.24282 0.36467 1
0.44759 0.43265 1
0.38175 0.65388 1
0.35644 0.40817 1
0.43591 0.13769 1
0.41972 0.57259 1
0.34568 0.36362 1
0.50515 0.71339 1
0.2564 0.22948 1
0.43524 0.44672 1
0.46143 0.45711 1
0.2528 0.09621 1
0.30929 0.41583 1
0.50515 0.35984 1
0.30404 0.59304 1
0.60175 0.15978 1
0.4314 0.35381 1
0.44408 0.56337 1
0.42306 0.32201 1
0.35869 0.34662 1
0.35839 0.34955 1
0.29963 0.41732 1
0.39722 0.3763 1
0.7474 0.6217 1
0.21981 0.4385 1
0.24641 0.55114 1
0.08851 0.43384 1
0.43491 0.4313 1
0.5869 0.76937 1
0.38123 0.23735 1
0.26329 0.22473 1
0.35377 0.52231 1
0.42573 0.34395 1
0.35949 0.50639 1
0.24916 0.6978 1
0.64563 0.58835 1
0.22772 0.33336 1
0.39456 0.44169 1
0.36098 0.47052 1
0.69868 0.5379 1
0.54569 0.36776 1
0.44325 0.52818 1
0.42106 0.35349 1
0.38944 0.58986 1
0.45476 0.28806 1
0.15206 0.45124 1
0.51332 0.22292 1
0.51115 0.72462 1
0.4244 0.34333 1
0.79512 0.24495 1
0.19105 0.23352 1
0.48196 0.25034 1
0.33295 0.54728 1
0.42456 0.47001 1
0.65931 0.50488 1
0.51532 0.31161 1
0.525 0.82049 1
0.32142 0.45443 1
0.32626 0.42721 1
0.76742 0.32801 1
0.47612 0.65724 1
0.70669 0.29531 1
0.26399 0.25338 1
0.32182 0.5027 1
0.68167 0.53237 1
0.44041 0.59371 1
0.63045 0.42124 1
0.3689 0.1948 1
0.19422 0.2814 1
0.48813 0.27113 1
0.54369 0.38814 1
0.36138 0.4556 1
0.49213 0.37456 1
0.4606 0.58215 1
0.43741 0.57175 1
0.35753 0.23774 1
0.41165 0.47722 1
0.47195 0.36036 1
0.30395 0.32382 1
0.11527 0.56136 1
0.52267 0.94201 1
0.73639 0.60595 1
0.35552 0.29748 1
0.07279 0.25301 1
0.45309 0.35775 1
0.57522 0.33106 1
0.40903 0.51343 1
0.38621 0.33805 1
0.67216 0.33668 1
0.62978 0.44018 1
0.45493 0.36204 1
0.54135 0.39766 1
0.24903 0.35156 1
0.26506 0.43411 1
0.10985 0.28713 1
0.38559 0.4499 1
0.2181 0.51024 1
0.45359 0.42159 1
0.38172 0.46649 1
0.42273 0.67467 1
0.45893 0.17264 1
0.57672 0.63712 1
0.55086 0.72596 1
0.37062 0.48778 1
0.43741 0.41018 1
0.22465 0.75344 1
0.24366 0.25039 1
0.59691 0.47806 1
0.61993 0.29055 1
0.25949 0.68875 1
0.33188 0.51393 1
0.35452 0.60813 1
0.47145 0.5022 1
0.18805 0.82837 1
0.2852 0.62187 1
0.39919 0.35936 1
0.21379 0.43163 1
0.4329 0.59773 1
0.45776 0.51175 1
0.35766 0.38845 1
0.46227 0.57661 1
0.50698 0.46381 1
0.52433 0.54376 1
0.45443 0.62757 1
0.4963 0.35341 1
0.33851 0.25599 1
0.28326 0.28328 1
0.6216 0.47974 1
0.49147 0.32971 1
0.35761 0.43068 1
0.53718 0.24387 1
0.75007 0.46096 1
0.3031 0.43279 1
0.43257 0.3249 1
0.45393 0.4343 1
0.40142 0.47756 1
0.26892 0.62003 1
0.10578 0.48259 1
0.35562 0.19884 1
0.208 0.42908 1
0.75241 0.34726 1
0.2687 0.48141 1
0.37479 0.48007 1
0.48813 0.3247 1
0.58773 0.46717 1
0.32197 0.69679 1
0.21291 0.30845 1
0.28331 0.53924 1
0.69034 0.25698 1
0.44692 0.75411 1
0.27974 0.31915 1
0.30552 0.32201 1
0.47695 0.49834 1
0.38332 0.38036 1
0.29129 0.34223 1
0.47862 0.32959 1
0.47328 0.32661 1
0.37786 0.41224 1
0.60342 0.39085 1
0.30414 0.48929 1
0.13996 0.33898 1
0.20543 0.43304 1
0.34655 0.3697 1
0.28653 0.18181 1
0.42923 0.38488 1
0.46911 0.43012 1
0.37568 0.54225 1
0.37863 0.36978 1
0.35571 0.31762 1
0.60208 0.46482 1
0.44158 0.60327 1
0.5527 0.76769 1
0.50431 0.45979 1
0.4095 0.25577 1
0.60292 0.47052 1
0.46744 0.49365 1
0.23226 0.44135 1
0.55503 0.49298 1
0.56087 0.35435 1
0.39775 0.55332 1
0.48663 0.2719 1
0.70569 0.29808 1
0.3814 0.21285 1
0.58657 0.41159 1
0.38921 0.35399 1
0.26868 0.50471 1
0.44926 0.74238 1
0.46727 0.61768 1
0.63295 0.37746 1
0.34595 0.55466 1
0.36146 0.61064 1
0.35692 0.45258 1
0.47762 0.39472 1
0.44041 0.65908 1
0.39513 0.76769 1
0.54369 0.45761 1
0.63595 0.77842 1
0.37503 0.81378 1
0.18378 0.42211 1
0.47728 0.51661 1
0.50365 0.32659 1
0.49363 0.48745 1
0.47645 0.18793 1
0.37878 0.54008 1
0.53318 0.2063 1
0.30213 0.32428 1
0.46911 0.49465 1
0.09361 0.3609 1
0.4616 0.55868 1
0.38185 0.22676 1
0.80129 0.58634 1
0.48863 0.20467 1
0.34793 0.54561 1
0.69001 0.57444 1
0.73239 0.45711 1
0.4269 0.52248 1
0.46794 0.44957 1
0.28074 0.52968 1
0.32843 0.28383 1
0.2859 0.6507 1
0.10957 0.52181 1
0.46994 0.35145 1
0.19696 0.68456 1
0.34401 0.48225 1
0.52233 0.35979 1
0.26493 0.51778 1
0.38077 0.25048 1
0.51499 0.65908 1
0.44692 0.67953 1
0.50264 0.59287 1
0.46427 0.24515 1
0.6146 0.56505 1
0.45743 0.32924 1
0.55203 0.58885 1
0.35996 0.24709 1
0.32452 0.54309 1
0.28869 0.26897 1
0.38025 0.42793 1
0.28845 0.30183 1
0.49514 0.30264 1
0.40633 0.55566 1
0.27467 0.27542 1
0.62677 0.60125 1
0.45026 0.34275 1
0.47145 0.80205 1
0.48246 0.38562 1
0.2244 0.61701 1
0.56588 0.44504 1
0.47462 0.48761 1
0.64146 0.20145 1
0.16549 0.26285 1
0.42306 0.5746 1
0.33041 0.51812 1
0.8138 0.74708 1
0.08894 0.34645 1
0.15069 0.40748 1
0.38215 0.53589 1
0.46544 0.48191 1
0.31795 0.53387 1
0.23216 0.29137 1
0.51883 0.54762 1
0.35939 0.69243 1
0.36073 0.48292 1
0.30542 0.47571 1
0.34788 0.39348 1
0.4571 0.52901 1
0.29883 0.53086 1
0.40931 0.278 1
0.33535 0.46281 1
0.62828 0.437 1
0.41152 0.51845 1
0.57555 0.28705 1
0.50548 0.70752 1
0.29111 0.15512 1
0.32751 0.61869 1
0.46944 0.46817 1
0.42356 0.40458 1
0.22253 0.28646 1
0.38582 0.46046 1
0.57555 0.6155 1
0.48863 0.42218 1
0.59407 0.42102 1
0.49464 0.43834 1
0.29339 0.45007 1
0.52417 0.45811 1
0.24105 0.7216 1
0.27711 0.32967 1
0.2815 0.3849 1
0.3985 0.23905 1
0.40299 0.296 1
0.43324 0.32703 1
0.41035 0.35039 1
0.51366 0.14981 1
0.35102 0.58164 1
0.78811 0.71305 1
0.1409 0.28864 1
0.62611 0.24384 1
0.53852 0.61801 1
0.57989 0.63461 1
0.20139 0.3493 1
0.56504 0.31539 1
0.24671 0.52968 1
0.44342 0.24578 1
0.68867 0.2931 1
0.36955 0.66025 1
0.39648 0.44722 1
0.46794 0.36113 1
0.34648 0.42642 1
0.55069 0.40894 1
0.45309 0.38423 1
0.38077 0.43232 1
0.31276 0.34908 1
0.23782 0.34278 1
0.54886 0.3873 1
0.33297 0.68204 1
0.27457 0.29 1
0.53318 0.8168 1
0.25755 0.27894 1
0.56187 0.41293 1
0.37803 0.25552 1
0.51165 0.43482 1
0.33025 0.21932 1
0.53785 0.62723 1
0.61109 0.59354 1
0.1316 0.36154 1
0.38395 0.56589 1
0.44308 0.59706 1
0.47995 0.63628 1
0.5602 0.34742 1
0.56671 0.40356 1
0.56204 0.60779 1
0.42223 0.28975 1
0.41705 0.51996 1
0.34214 0.22627 1
0.65647 0.57913 1
0.4304 0.61315 1
0.48729 0.51141 1
0.43658 0.51711 1
0.77743 0.67634 1
0.6553 0.23652 1
0.51449 0.49499 1
0.23383 0.44454 1
0.3367 0.77155 1
0.59558 0.56807 1
0.13704 0.51225 1
0.67032 0.80524 1
0.44709 0.22926 1
0.31476 0.53622 1
0.10578 0.48376 1
0.67232 0.49449 1
0.66014 0.33561 1
0.35112 0.41797 1
0.34396 0.30772 1
0.47211 0.3364 1
0.44675 0.46599 1
0.43407 0.5979 1
0.51366 0.33375 1
0.42206 0.66578 1
0.64479 0.4846 1
0.46244 0.60997 1
0.56721 0.44387 1
0.22001 0.3902 1
0.45376 0.6978 1
0.22505 0.40342 1
0.57088 0.25648 1
0.63145 0.50588 1
0.64363 0.55198 1
0.54986 0.47387 1
0.75207 0.23957 1
0.39266 0.38249 1
0.38641 0.66562 1
0.54686 0.28837 1
0.34399 0.30921 1
0.3448 0.39679 1
0.38082 0.70785 1
0.62677 0.81462 1
0.62778 0.23687 1
0.54702 0.38879 1
0.39785 0.72344 1
0.36709 0.26509 1
0.3376 0.44588 1
0.63078 0.38137 1
0.52183 0.26989 1
0.42506 0.35409 1
0.23828 0.35403 1
0.60759 0.53052 1
0.3928 0.58231 1
0.49547 0.58801 1
0.48646 0.47219 1
0.2892 0.50924 1
0.59808 0.432 1
0.26239 0.46549 1
0.38672 0.39508 1
0.24619 0.5151 1
0.27646 0.23291 1
0.27377 0.34221 1
0.51065 0.7164 1
0.32065 0.58131 1
0.36852 0.43951 1
0.22674 0.37892 1
0.20365 0.3432 1
0.42022 0.19937 1
0.4254 0.29109 1
0.67249 0.417 1
0.27601 0.43161 1
0.63545 0.33943 1
0.4264 0.38581 1
0.4138 0.50203 1
0.51716 0.52214 1
0.2989 0.17546 1
0.45443 0.48862 1
0.4621 0.61902 1
0.63695 0.33202 1
0.52483 0.47119 1
0.2573 0.37994 1
0.55236 0.51695 1
0.37628 0.60846 1
0.23186 0.15259 1
0.33197 0.40552 1
0.20595 0.76199 1
0.36727 0.55064 1
0.30285 0.45443 1
0.35554 0.51745 1
0.59057 0.76233 1
0.37646 0.14969 1
0.50381 0.46432 1
0.47245 0.77775 1
0.48579 0.5793 1
0.0297 0.45996 1
0.34506 0.60611 1
0.5532 0.50119 1
0.38806 0.58164 1
0.4239 0.3554 1
0.47445 0.49935 1
0.34685 0.32154 1
0.54385 0.67567 1
0.65964 0.48979 1
0.56154 0.50337 1
0.35374 0.44236 1
0.23962 0.52432 1
0.37608 0.54712 1
0.81197 0.38071 1
0.73088 0.56958 1
0.4249 0.54996 1
0.33403 0.41174 1
0.3056 0.34364 1
0.46961 0.16292 1
0.55804 0.29205 1
0.36228 0.27374 1
0.2702 0.54376 1
0.59958 0.45912 1
0.52934 0.57511 1
0.38626 0.42164 1
0.51966 0.55114 1
0.39652 0.52264 1
0.32319 0.41127 1
0.36325 0.38162 1
0.34536 0.13332 1
0.18421 0.51024 1
0.31536 0.41383 1
0.16814 0.53371 1
0.48513 0.52097 1
0.43474 0.36214 1
0.844 0.35629 1
0.4007 0.52147 1
0.37945 0.30788 1
0.53935 0.42307 1
0.51299 0.46331 1
0.3663 0.46532 1
0.1902 0.58516 1
0.38597 0.29622 1
0.54786 0.4556 1
0.53401 0.88334 1
0.40631 0.27326 1
0.58056 0.39682 1
0.57672 0.30872 1
0.09261 0.39296 1
0.6553 0.52114 1
0.24521 0.14993 1
0.29141 0.60276 1
0.33645 0.30074 1
0.54719 0.66344 1
0.40436 0.5731 1
0.297 0.42685 1
0.55303 0.51845 1
0.20305 0.4032 1
0.20036 0.58148 1
0.49397 0.43649 1
0.59991 0.43115 1
0.52967 0.48527 1
0.21966 0.68925 1
0.38307 0.60963 1
0.31066 0.5617 1
0.72655 0.8872 1
0.32778 0.49281 1
0.56488 0.32957 1
0.5235 0.55835 1
0.43908 0.2125 1
0.46861 0.7578 1
0.29369 0.60125 1
0.28874 0.37332 1
0.25522 0.41655 1
0.53568 0.49247 1
0.21376 0.20561 1
0.62544 0.27683 1
0.28388 0.41457 1
0.49564 0.45359 1
0.31061 0.51795 1
0.26381 0.30053 1
0.41972 0.29221 1
0.30415 0.62975 1
0.44926 0.38391 1
0.37563 0.68975 1
0.33961 0.25929 1
0.7731 0.53823 1
0.18503 0.29692 1
0.42773 0.35755 1
0.40623 0.39727 1
0.52617 0.55298 1
0.33797 0.61114 1
0.35707 0.40031 1
0.40037 0.32014 1
0.54886 0.33343 1
0.67399 0.61265 1
0.63295 0.22012 1
0.28018 0.53421 1
0.41956 0.49834 1
0.41772 0.50454 1
0.34548 0.30083 1
0.4153 0.73467 1
0.33278 0.39727 1
0.55887 0.34866 1
0.72788 0.45325 1
0.41257 0.34409 1
0.49397 0.48912 1
0.36468 0.49901 1
0.35297 0.27787 1
0.38764 0.72679 1
0.35913 0.47337 1
0.4953 0.33681 1
0.41544 0.44806 1
0.19294 0.35725 1
0.53518 0.61852 1
0.49847 0.59891 1
0.56204 0.4913 1
0.61159 0.6031 1
0.60675 0.52399 1
0.54169 0.14807 1
0.44759 0.28982 1
0.35898 0.53991 1
0.50398 0.63863 1
0.46627 0.48611 1
0.25073 0.31958 1
0.27279 0.25339 1
0.36904 0.37171 1
0.40439 0.78764 1
0.43658 0.53806 1
0.40135 0.66009 1
0.66615 0.4794 1
0.49297 0.40242 1
0.92993 0.38743 1
0.59241 0.31665 1
0.30951 0.61986 1
0.65597 0.53991 1
0.6548 0.50521 1
0.54719 0.3702 1
0.26945 0.31824 1
0.36774 0.26182 1
0.49097 0.38478 1
0.34748 0.59673 1
0.47462 0.45007 1
0.77226 0.50572 1
0.4958 0.37283 1
0.40119 0.29064 1
0.08194 0.11615 1
0.3825 0.28973 1
0.30619 0.41165 1
0.43758 0.37411 1
0.29895 0.57745 1
0.34409 0.57594 1
0.44875 0.5803 1
0.50948 0.57678 1
0.49113 0.30366 1
0.37616 0.45174 1
0.45793 0.53153 1
0.4279 0.68389 1
0.32017 0.63779 1
0.29142 0.49164 1
0.51349 0.52767 1
0.27979 0.42821 1
0.73539 0.49231 1
0.35617 0.4325 1
0.51849 0.41735 1
0.39305 0.5441 1
0.18366 0.33413 1
0.16421 0.48259 1
0.56171 0.34944 1
0.39086 0.29396 1
0.54469 0.31404 1
0.3623 0.36928 1
0.57022 0.63863 1
0.39188 0.17328 1
0.49931 0.4163 1
0.51149 0.11791 1
0.25355 0.38857 1
0.30784 0.44621 1
0.5285 0.43783 1
0.38188 0.34538 1
0.46944 0.5555 1
0.15581 0.37523 1
0.44408 0.57108 1
0.42506 0.36744 1
0.63979 0.63612 1
0.24235 0.35036 1
0.63412 0.47655 1
0.76225 0.50672 1
0.18284 0.32471 1
0.26948 0.30582 1
0.39355 0.46147 1
0.30572 0.86306 1
0.52367 0.56203 1
0.30912 0.66193 1
0.24739 0.3582 1
0.41756 0.71121 1
0.65197 0.24687 1
0.55703 0.34878 1
0.23164 0.59421 1
0.58106 0.76551 1
0.40247 0.47907 1
0.3495 0.50085 1
0.37272 0.67316 1
0.55019 0.60528 1
0.38752 0.70014 1
0.63178 0.72093 1
0.44008 0.35141 1
0.57222 0.42583 1
0.39882 0.40669 1
0.36769 0.43094 1
0.35027 0.35973 1
0.25538 0.51225 1
0.2984 0.36708 1
0.51232 0.49817 1
0.44458 0.26181 1
0.34932 0.20149 1
0.4249 0.41765 1
0.45793 0.36945 1
0.27093 0.8277 1
0.2856 0.44973 1
0.45059 0.61349 1
0.14932 0.42776 1
0.2826 0.37612 1
0.34671 0.19748 1
0.44342 0.36046 1
0.6463 0.31052 1
0.29342 0.3492 1
0.98365 0.10759 1
0.38085 0.48426 1
0.5245 0.65137 1
0.38242 0.32957 1
0.209 0.586 1
0.23488 0.40255 1
0.26827 0.34258 1
0.63512 0.48191 1
0.15496 0.35594 1
0.40226 0.37593 1
0.5285 0.48895 1
0.27617 0.41765 1
0.23631 0.56337 1
0.40838 0.30155 1
0.6488 0.4147 1
0.57789 0.2315 1
0.20677 0.65405 1
0.31243 0.28085 1
0.50848 0.33814 1
0.43007 0.62723 1
0.16285 0.49935 1
0.49747 0.42494 1
0.13169 0.4169 1
0.43007 0.56471 1
0.30682 0.50873 1
0.46661 0.61902 1
0.19214 0.53035 1
0.38232 0.69964 1
0.42673 0.58919 1
0.56538 0.33526 1
0.18491 0.61064 1
0.42139 0.46046 1
0.17904 0.77389 1
0.36545 0.37371 1
0.32284 0.63662 1
0.56921 0.28095 1
0.19349 0.35711 1
0.56671 0.56036 1
0.30075 0.34623 1
0.34436 0.46968 1
0.32658 0.65137 1
0.34763 0.51242 1
0.45977 0.64081 1
0.45893 0.2662 1
0.38661 0.54678 1
0.25854 0.34236 1
0.76459 0.72981 1
0.51366 0.41971 1
0.78127 0.35808 1
0.37675 0.55784 1
0.42923 0.49147 1
0.47528 0.64986 1
0.40871 0.46951 1
0.38315 0.43182 1
0.65581 0.57242 1
0.55987 0.51393 1
0.41739 0.32909 1
0.37182 0.33391 1
0.5904 0.53136 1
0.21032 0.19242 1
0.74056 0.37164 1
0.57839 0.71975 1
0.30537 0.36796 1
0.53852 0.52298 1
0.66348 0.43111 1
0.26042 0.40723 1
0.41622 0.58433 1
0.49347 0.26645 1
0.34198 0.4732 1
0.37785 0.38383 1
0.15653 0.39963 1
0.39481 0.43498 1
0.57422 0.43423 1
0.21297 0.70132 1
0.49897 0.16412 1
0.52917 0.32798 1
0.58573 0.14363 1
0.51399 0.41839 1
0.16472 0.21977 1
0.54969 0.23439 1
0.39857 0.32783 1
0.64246 0.62036 1
0.38857 0.39042 1
0.41342 0.23016 1
0.43858 0.19227 1
0.20478 0.51359 1
0.4923 0.33329 1
0.52901 0.50773 1
0.59524 0.37439 1
0.41772 0.56823 1
0.32564 0.31093 1
0.72972 0.53035 1
0.25135 0.39759 1
0.32459 0.51711 1
0.44558 0.26969 1
0.40261 0.30339 1
0.26992 0.11793 1
0.30344 0.497 1
0.41445 0.23881 1
0.31501 0.48895 1
0.23546 0.22951 1
0.37628 0.41249 1
0.52767 0.2227 1
0.0803 0.298 1
0.64563 0.60276 1
0.4122 0.53287 1
0.4938 0.58835 1
0.48446 0.53035 1
0.5552 0.80641 1
0.2389 0.60762 1
0.23443 0.38204 1
0.37066 0.34709 1
0.53568 0.73383 1
0.39111 0.39487 1
0.63395 0.44487 1
0.43958 0.19066 1
0.3836 0.31397 1
0.30023 0.46616 1
0.50531 0.65053 1
0.43441 0.59036 1
0.66048 0.40565 1
0.5894 0.61567 1
0.54018 0.27176 1
0.48379 0.53907 1
0.49847 0.57913 1
0.5205 0.23955 1
0.20839 0.47605 1
0.686 0.48242 1
0.57789 0.54644 1
0.76676 0.46649 1
0.54402 0.56606 1
0.19832 0.299 1
0.7766 0.36192 1
0.56071 0.31596 1
0.69351 0.40738 1
0.56137 0.29012 1
0.41061 0.44839 1
0.49147 0.38616 1
0.37953 0.66394 1
0.38372 0.33966 1
0.47411 0.50186 1
0.50131 0.3705 1
0.54919 0.71204 1
0.36865 0.53337 1
0.44675 0.51007 1
0.46244 0.6274 1
0.37987 0.41834 1
0.5547 0.38713 1
0.35657 0.59287 1
0.45293 0.31149 1
0.51449 0.41336 1
0.50114 0.36898 1
0.41248 0.4081 1
0.19742 0.11007 1
0.12823 0.17018 1
0.34416 0.49801 1
0.35068 0.3136 1
0.42923 0.33609 1
0.61977 0.58349 1
0.33467 0.36608 1
0.37009 0.49851 1
0.5869 0.7107 1
0.27737 0.66612 1
0.33894 0.54008 1
1.0 0.37557 1
0.4883 0.46566 1
0.39301 0.65372 1
0.48029 0.95776 1
0.41839 0.52097 1
0.55253 0.2957 1
0.43824 0.70852 1
0.28193 0.49532 1
0.55003 0.49801 1
0.28543 0.31224 1
0.5522 0.64249 1
0.67666 0.38616 1
0.53218 0.58131 1
0.47195 0.58433 1
0.2744 0.16449 1
0.32751 0.60042 1
0.44425 0.42037 1
0.6468 0.47102 1
0.50848 0.38532 1
0.44292 0.42119 1
0.5849 0.40838 1
0.41434 0.22701 1
0.48079 0.17665 1
0.79278 0.57008 1
0.59624 0.7221 1
0.24592 0.40371 1
0.45059 0.74138 1
0.27502 0.47806 1
0.2822 0.22197 1
0.22809 0.59807 1
0.44442 0.645 1
0.50281 0.22503 1
0.23556 0.29803 1
0.55503 0.30177 1
0.36784 0.58818 1
0.22702 0.31806 1
0.26304 0.25311 1
0.16626 0.42664 1
0.3829 0.73484 1
0.18775 0.27951 1
0.45576 0.30393 1
0.35105 0.50203 1
0.34767 0.6331 1
0.27566 0.36082 1
0.69184 0.4375 1
0.46928 0.36879 1
0.3692 0.26231 1
0.40331 0.25398 1
0.4883 0.49733 1
0.35829 0.66444 1
0.47428 0.37863 1
0.32574 0.62489 1
0.33635 0.29396 1
0.67299 0.35475 1
0.41689 0.3904 1
0.29254 0.39694 1
0.30359 0.5389 1
0.29391 0.46717 1
0.53868 0.37895 1
0.44392 0.37726 1
0.39563 0.30963 1
0.41382 0.41192 1
0.28313 0.33326 1
0.21152 0.26903 1
0.69251 0.56488 1
0.5572 0.72679 1
0.25375 0.56924 1
0.27946 0.41876 1
0.56738 0.61936 1
0.58924 0.29902 1
0.71053 0.95223 1
0.19312 0.23197 1
0.3649 0.38041 1
0.42473 0.37248 1
0.30804 0.45761 1
0.51466 0.36464 1
0.35677 0.56974 1
0.51065 0.40253 1
0.40539 0.50119 1
0.20809 0.15742 1
0.55053 0.44839 1
0.49147 0.50018 1
0.3215 0.4494 1
0.37194 0.37629 1
0.50498 0.54091 1
0.35355 0.42312 1
0.47595 0.21898 1
0.40513 0.37215 1
0.06198 0.53689 1
0.4002 0.4608 1
0.3492 0.42121 1
0.45826 0.62388 1
0.51899 0.24257 1
0.36719 0.37024 1
0.4112 0.39362 1
0.4928 0.4613 1
0.33712 0.59136 1
0.58757 0.23678 1
0.34725 0.43027 1
0.40788 0.59857 1
0.64413 0.43406 1
0.46761 0.42169 1
0.23146 0.2661 1
0.27584 0.437 1
0.32147 0.32617 1
0.39516 0.78663 1
0.3358 0.51175 1
0.44792 0.37917 1
0.40566 0.53203 1
0.50515 0.31095 1
0.39465 0.52181 1
0.41839 0.57175 1
0.4591 0.57661 1
0.32623 0.32478 1
0.54702 0.16252 1
0.51449 0.22451 1
0.43007 0.38108 1
0.47462 0.66277 1
0.56771 0.69327 1
0.48696 0.33427 1
0.32242 0.34087 1
0.39143 0.49013 1
0.3047 0.54125 1
0.61676 0.4727 1
0.50815 0.49566 1
0.32304 0.37907 1
0.48729 0.35922 1
0.26151 0.56622 1
0.27185 0.55449 1
0.58239 0.64986 1
0.63662 0.53387 1
0.39593 0.76015 1
0.32459 0.26923 1
0.39597 0.21334 1
0.54452 0.38795 1
0.4008 0.56019 1
0.50948 0.53907 1
0.34808 0.47655 1
0.39044 0.38545 1
0.53885 0.57326 1
0.37835 0.53404 1
0.43641 0.35835 1
0.59224 0.64735 1
0.44842 0.50655 1
0.50298 0.54846 1
0.64162 0.72143 1
0.46227 0.39756 1
0.6226 0.61734 1
0.70569 0.16283 1
0.51516 0.43482 1
0.27128 0.34151 1
0.4636 0.74691 1
0.48179 0.44957 1
0.50381 0.38396 1
0.21786 0.57561 1
0.33892 0.37406 1
0.47979 0.50655 1
0.3521 0.60846 1
0.34528 0.28879 1
0.26469 0.33759 1
0.37146 0.3677 1
0.25308 0.48242 1
0.44725 0.23454 1
0.39967 0.37842 1
0.64646 0.60963 1
0.23506 0.34625 1
0.42306 0.23673 1
0.35129 0.39816 1
0.24846 0.28033 1
0.38596 0.30457 1
0.57155 0.59757 1
0.27073 0.18541 1
0.6523 0.66293 1
0.53968 0.55198 1
0.5904 0.29724 1
0.35362 0.3104 1
0.18174 0.40716 1
0.48629 0.51125 1
0.61009 0.46683 1
0.47945 0.43599 1
0.38322 0.54041 1
0.64913 0.39508 1
0.43107 0.31921 1
0.57472 0.43104 1
0.37816 0.45828 1
0.27819 0.4207 1
0.42022 0.25308 1
0.48162 0.24845 1
0.3928 0.50002 1
0.49697 0.58952 1
0.13663 0.63964 1
0.70235 0.41155 1
0.26855 0.31285 1
0.36565 0.43783 1
0.35401 0.70517 1
0.34741 0.47907 1
0.31266 0.5627 1
0.55437 0.497 1
0.25015 0.53622 1
0.46477 0.38906 1
0.36623 0.88552 1
0.51899 0.32307 1
0.35457 0.36209 1
0.25624 0.51577 1
0.67633 0.44688 1
0.24406 0.32 1
0.4244 0.63545 1
0.49614 0.49901 1
0.41363 0.44672 1
0.16182 0.38312 1
0.53918 0.31828 1
0.48846 0.80121 1
0.64963 0.57578 1
0.4159 0.27019 1
0.47595 0.51678 1
0.35235 0.70115 1
0.35869 0.42685 1
0.45543 0.42404 1
0.29167 0.5503 1
0.17478 0.43767 1
0.15873 0.37273 1
0.67399 0.36958 1
0.52967 0.47957 1
0.44408 0.47806 1
0.27541 0.3883 1
0.56821 0.55382 1
0.35823 0.52918 1
0.53751 0.33916 1
0.2841 0.25313 1
0.50798 0.29064 1
0.64496 0.28494 1
0.43724 0.48393 1
0.41327 0.45242 1
0.40446 0.48342 1
0.26521 0.36194 1
0.24958 0.42561 1
0.47795 0.2548 1
0.40759 0.33361 1
0.70786 0.44471 1
0.49097 0.61131 1
0.51382 0.4 1
0.20742 0.54058 1
0.54052 0.57226 1
0.14073 0.31756 1
0.28193 0.48644 1
0.33183 0.57695 1
0.6221 0.42903 1
0.27999 0.31945 1
0.37157 0.45124 1
0.24154 0.56907 1
0.58957 0.67366 1
0.61176 0.54058 1
0.48913 0.46934 1
0.4314 0.27394 1
0.39293 0.45174 1
0.42022 0.39942 1
0.38055 0.51477 1
0.4923 0.39747 1
0.21231 0.41284 1
0.30814 0.60712 1
0.33462 0.24976 1
0.43474 0.52432 1
0.64863 0.48527 1
0.47395 0.38339 1
0.59658 0.37496 1
0.36467 0.21109 1
0.41689 0.53371 1
0.39241 0.49382 1
0.50882 0.64601 1
0.53935 0.38713 1
0.47895 0.3364 1
0.33892 0.48929 1
0.44492 0.51259 1
0.4646 0.54058 1
0.51416 0.24619 1
0.29761 0.33467 1
0.31313 0.48996 1
0.25363 0.36886 1
0.25158 0.4965 1
0.27833 0.41873 1
0.72721 0.83691 1
0.43024 0.38291 1
0.44308 0.39685 1
0.40406 0.25413 1
0.41417 0.45258 1
0.50448 0.53522 1
0.18464 0.81177 1
0.46677 0.54896 1
0.71186 0.44387 1
0.53935 0.24401 1
0.66114 0.25683 1
0.41722 0.53404 1
0.46727 0.73149 1
0.64079 0.66377 1
0.385 0.40967 1
0.31239 0.42333 1
0.56337 0.31687 1
0.43908 0.28231 1
0.62644 0.36186 1
0.7444 1.0 1
0.61643 0.55902 1
0.396 0.53454 1
0.53568 0.32495 1
0.50531 0.38636 1
0.3945 0.51007 1
0.42556 0.42679 1
0.27239 0.36427 1
0.45042 0.61232 1
0.4098 0.36303 1
0.32484 0.19248 1
0.50898 0.48124 1
0.62294 0.43041 1
0.57038 0.44169 1
0.72321 0.41125 1
0.46143 0.41071 1
0.48079 0.42831 1
0.4289 0.4082 1
0.41789 0.46499 1
0.40753 0.60343 1
0.49213 0.43175 1
0.61643 0.70165 1
0.38859 0.5151 1
0.06257 0.19285 1
0.19682 0.28402 1
0.16602 0.54779 1
0.50298 0.48862 1
0.62611 0.48862 1
0.50698 0.21003 1
0.34256 0.438 1
0.62394 0.42288 1
0.32277 0.49616 1
0.60575 0.45208 1
0.11636 0.30762 1
0.42189 0.30614 1
0.4581 0.76987 1
0.57188 0.29875 1
0.2872 0.55818 1
0.36178 0.39184 1
0.3337 0.402 1
0.3694 0.28194 1
0.36747 0.41314 1
0.76542 0.62941 1
0.42923 0.38668 1
0.22864 0.13932 1
0.60759 0.42799 1
0.10259 0.25603 1
0.41655 0.76333 1
0.36757 0.78043 1
0.5904 0.43616 1
0.54202 0.4223 1
0.22944 0.48912 1
0.30444 0.28677 1
0.27402 0.44186 1
0.6206 0.36884 1
0.7504 0.3576 1
0.42623 0.57477 1
0.67266 0.28269 1
0.47879 0.71858 1
0.3451 0.26457 1
0.2991 0.2878 1
0.25545 0.14937 1
0.39153 0.35651 1
0.20421 0.44655 1
0.37713 0.37803 1
0.36825 0.58583 1
0.35768 0.17646 1
0.47161 0.64165 1
0.45092 0.51007 1
0.59107 0.37206 1
0.43107 0.17165 1
0.39975 0.287 1
0.57839 0.5922 1
0.35467 0.3735 1
0.42323 0.54443 1
0.61877 0.54594 1
0.28792 0.59623 1
0.41378 0.40709 1
0.68317 0.6978 1
0.34606 0.35413 1
0.47228 0.45811 1
0.32609 0.69813 1
0.42089 0.40279 1
0.25865 0.45141 1
0.56388 0.56069 1
0.75925 0.43565 1
0.29196 0.2891 1
0.10958 0.24749 1
0.59491 0.56874 1
0.38639 0.34208 1
0.26708 0.27054 1
0.76359 0.62891 1
0.36704 0.39901 1
0.17523 0.26648 1
0.35334 0.27433 1
0.34174 0.44001 1
0.45826 0.48292 1
0.56271 0.32627 1
0.42006 0.58433 1
0.34378 0.47839 1
0.32634 0.36747 1
0.52267 0.35616 1
0.31371 0.28172 1
0.35215 0.38069 1
0.35402 0.55013 1
0.47211 0.3291 1
0.66481 0.44923 1
0.2745 0.43565 1
0.41086 0.54192 1
0.29723 0.41076 1
0.44592 0.55734 1
0.45743 0.5565 1
0.39632 0.31415 1
0.40744 0.37758 1
0.25557 0.7102 1
0.4299 0.2834 1
0.35996 0.35047 1
0.14941 0.65254 1
0.4616 0.31519 1
0.55703 0.6264 1
0.48029 0.65187 1
0.25388 0.33867 1
0.50114 0.63293 1
0.60625 0.75311 1
0.45459 0.46599 1
0.24726 0.60578 1
0.40137 0.58701 1
0.67449 0.47471 1
0.73606 0.35027 1
0.51232 0.42151 1
0.28602 0.3697 1
0.47929 0.56471 1
0.2035 0.07774 1
0.52417 0.20899 1
0.27277 0.39861 1
0.68283 0.58114 1
0.37513 0.45543 1
0.408 0.45342 1
0.34488 0.32543 1
0.63679 0.43984 1
0.47111 0.47253 1
0.36714 0.40843 1
0.42573 0.50387 1
0.47762 0.44471 1
0.54969 0.47672 1
0.54469 0.33174 1
0.40493 0.54946 1
0.84968 0.31192 1
0.53251 0.48929 1
0.36206 0.64751 1
0.2352 0.37184 1
0.57572 0.55583 1
0.34122 0.37196 1
0.31473 0.25257 1
0.32656 0.38928 1
0.4586 0.22503 1
0.36083 0.4146 1
0.52901 0.64182 1
0.44542 0.37966 1
0.44692 0.19939 1
0.76308 0.54427 1
0.78544 0.44236 1
0.36113 0.53656 1
0.48112 0.54477 1
0.21374 0.49516 1
0.2587 0.62304 1
0.34718 0.35441 1
0.33333 0.07492 1
0.09837 0.31539 1
0.56938 0.54712 1
0.29406 0.3698 1
0.51482 0.47068 1
0.38178 0.41306 1
0.37286 0.47974 1
0.41455 0.5384 1
0.29274 0.62153 1
0.55303 0.53672 1
0.34439 0.30767 1
0.43841 0.4556 1
0.58323 0.41224 1
0.35861 0.2789 1
