0.52674 0.6772 1
0.82041 0.34589 1
0.58786 0.50874 1
0.60945 0.5177 1
0.57063 0.47355 1
0.54158 0.41975 1
0.28444 0.53873 1
0.59338 0.32931 1
0.45965 0.40349 1
0.56612 0.51417 1
0.27245 0.45127 1
0.59187 0.35762 1
0.53001 0.4562 1
0.61072 0.34349 1
0.39491 0.32576 1
0.48903 0.74509 1
0.26415 0.52866 1
0.42208 0.51276 1
0.71119 0.2917 1
0.49071 0.31644 1
0.66209 0.73162 1
0.45646 0.57728 1
0.45533 0.44563 1
0.45107 0.53094 1
0.37369 0.31089 1
0.48904 0.50796 1
0.52449 0.50084 1
0.43233 0.64111 1
0.49289 0.33208 1
0.44803 0.33479 1
0.47357 0.34815 1
0.42611 0.57019 1
0.56771 0.66088 1
0.34568 0.44039 1
0.35133 0.49496 1
0.3809 0.60913 1
0.45775 0.51678 1
0.28094 0.47747 1
0.42259 0.4461 1
0.42787 0.66485 1
0.40802 0.52393 1
0.44312 0.76217 1
0.31025 0.51577 1
0.7297 0.18469 1
0.47176 0.49181 1
0.70694 0.25984 1
0.50849 0.5876 1
0.64448 0.28384 1
0.45491 0.33985 1
0.70607 0.47107 1
0.47274 0.47381 1
0.71546 0.33806 1
0.38903 0.40116 1
0.65395 0.54072 1
0.42846 0.29496 1
0.48401 0.59461 1
0.42965 0.36788 1
0.64399 0.39104 1
0.33445 0.67965 1
0.40211 0.56044 1
0.52908 0.52306 1
0.49111 0.38887 1
0.5824 0.52025 1
0.69472 0.5137 1
0.2753 0.52951 1
0.53262 0.23963 1
0.521 0.58258 1
0.63292 0.36413 1
0.47529 0.62674 1
0.39539 0.32412 1
0.48853 0.5009 1
0.43088 0.26374 1
0.55736 0.41098 1
0.65536 0.53229 1
0.5027 0.58719 1
0.42549 0.4871 1
0.45938 0.19971 1
0.53667 0.37911 1
0.66839 0.34261 1
0.59605 0.45584 1
0.55945 0.42844 1
0.73812 0.39712 1
0.57374 0.41855 1
0.4573 0.32963 1
0.31969 0.38563 1
0.21556 0.62152 1
0.59432 0.47249 1
0.31059 0.20665 1
0.44339 0.19918 1
0.37859 0.60844 1
0.61925 0.40601 1
0.44819 0.49477 1
0.70884 0.38672 1
0.48975 0.55057 1
0.68917 0.31795 1
0.56883 0.48464 1
0.41749 0.59036 1
0.52902 0.57034 1
0.40787 0.48205 1
0.66733 0.45423 1
0.34813 0.57934 1
0.5027 0.1825 1
0.13008 0.66973 1
0.82865 0.42984 1
0.40315 0.52504 1
0.65935 0.48057 1
0.46453 0.49572 1
0.59649 0.5805 1
0.55065 0.36452 1
0.65503 0.6031 1
0.58727 0.44551 1
0.61054 0.3304 1
0.35594 0.46513 1
0.52813 0.69042 1
0.5677 0.45178 1
0.67422 0.54235 1
0.46081 0.53054 1
0.58395 0.25076 1
0.44528 0.32821 1
0.62343 0.21935 1
0.57307 0.62846 1
0.5126 0.32918 1
0.59416 0.44876 1
0.41424 0.49263 1
0.53273 0.49713 1
0.35432 0.55788 1
0.56274 0.40545 1
0.60599 0.63341 1
0.34131 0.42855 1
0.83557 0.09291 1
0.52464 0.5838 1
0.47385 0.44353 1
0.19948 0.56742 1
0.61439 0.48951 1
0.43839 0.39553 1
0.49561 0.44543 1
0.5253 0.54857 1
0.4286 0.54069 1
0.68288 0.39376 1
0.49324 0.40354 1
0.28132 0.17797 1
0.43158 0.47652 1
0.42143 0.445 1
0.59553 0.75614 1
0.31829 0.3327 1
0.59881 0.50066 1
0.56105 0.56864 1
0.3743 0.60847 1
0.57379 0.18778 1
0.54014 0.58511 1
0.61541 0.62035 1
0.48234 0.51353 1
0.37915 0.30173 1
0.80219 0.6762 1
0.7268 0.24882 1
0.67354 0.31396 1
0.62595 0.41223 1
0.42843 0.18748 1
0.32406 0.30684 1
0.75083 0.29835 1
0.42311 0.26451 1
0.72836 0.56532 1
0.56325 0.32348 1
0.78553 0.54359 1
0.40438 0.43164 1
0.67581 0.58919 1
0.4717 0.4487 1
0.40388 0.48822 1
0.45285 0.49136 1
0.59329 0.37617 1
0.45867 0.50385 1
0.46831 0.51362 1
0.70416 0.46089 1
0.61236 0.37986 1
0.55445 0.627 1
0.31378 0.46078 1
0.33377 0.36781 1
0.75219 0.40413 1
0.46353 0.41883 1
0.5757 0.44696 1
0.42666 0.498 1
0.44077 0.56031 1
0.57497 0.53456 1
0.67145 0.26739 1
0.49302 0.51156 1
0.37099 0.46728 1
0.53183 0.29577 1
0.53874 0.3011 1
0.41008 0.19897 1
0.62587 0.4 1
0.47973 0.20002 1
0.65124 0.44703 1
0.5378 0.41633 1
0.64935 0.59797 1
0.73851 0.54992 1
0.38736 0.46129 1
0.5987 0.64111 1
0.55957 0.41494 1
0.33473 0.40489 1
0.62197 0.4755 1
0.63937 0.42404 1
0.53495 0.19425 1
0.60001 0.45251 1
0.63888 0.53257 1
0.38664 0.73209 1
0.55373 0.31053 1
0.48433 0.29361 1
0.52523 0.5207 1
0.37739 0.30519 1
0.70442 0.4643 1
0.62373 0.62315 1
0.47721 0.52241 1
0.52614 0.50405 1
0.46446 0.42066 1
0.58636 0.48345 1
0.64738 0.43865 1
0.52872 0.63823 1
0.39406 0.42807 1
0.6122 0.34265 1
0.45188 0.62034 1
0.55631 0.5699 1
0.50177 0.52736 1
0.35708 0.33711 1
0.25656 0.51843 1
0.5091 0.34525 1
0.62253 0.45098 1
0.71303 0.21798 1
0.56622 0.65126 1
0.51222 0.35652 1
0.45531 0.43587 1
0.40829 0.36389 1
0.5366 0.44379 1
0.61571 0.51873 1
0.50519 0.28213 1
0.76886 0.56237 1
0.58558 0.48161 1
0.60594 0.65774 1
0.50709 0.44104 1
0.43565 0.27884 1
0.55971 0.29161 1
0.69822 0.56184 1
0.46138 0.66365 1
0.51198 0.67003 1
0.57964 0.33324 1
0.56349 0.47748 1
0.71301 0.57145 1
0.78724 0.70361 1
0.70757 0.56659 1
0.61297 0.16697 1
0.33379 0.59787 1
0.55777 0.40619 1
0.64446 0.5474 1
0.4786 0.42758 1
0.37097 0.36908 1
0.64901 0.16987 1
0.5457 0.32864 1
0.55431 0.41101 1
0.22164 0.4487 1
0.55194 0.4999 1
0.66375 0.26027 1
0.55918 0.40476 1
0.62079 0.27441 1
0.46219 0.62695 1
0.51835 0.51933 1
0.71569 0.53611 1
0.57012 0.55071 1
0.40608 0.6706 1
0.50722 0.45519 1
0.4831 0.65139 1
0.63983 0.48586 1
0.34488 0.26053 1
0.47513 0.5449 1
0.60054 0.29987 1
0.45559 0.6246 1
0.39267 0.70008 1
0.58314 0.49961 1
0.70057 0.35241 1
0.47847 0.42182 1
0.63569 0.40149 1
0.46029 0.50755 1
0.7717 0.48825 1
0.42029 0.33264 1
0.41704 0.6984 1
0.68621 0.45528 1
0.50199 0.20158 1
0.69443 0.2644 1
0.38012 0.50274 1
0.56203 0.4489 1
0.50261 0.63714 1
0.47885 0.26459 1
0.45063 0.56624 1
0.50204 0.49958 1
0.41618 0.49693 1
0.64204 0.63857 1
0.76479 0.38703 1
0.69206 0.60683 1
0.3304 0.70426 1
0.52729 0.40408 1
0.55181 0.55763 1
0.49292 0.44198 1
0.16487 0.39675 1
0.54546 0.48619 1
0.76118 0.52371 1
0.71547 0.48999 1
0.48701 0.5066 1
0.64182 0.46554 1
0.44567 0.32335 1
0.56623 0.40441 1
0.67108 0.64713 1
0.58798 0.59607 1
0.70148 0.64747 1
0.36111 0.76509 1
0.54438 0.31427 1
0.77574 0.41779 1
0.47744 0.54425 1
0.56415 0.59452 1
0.29071 0.55816 1
0.46965 0.43658 1
0.59818 0.5543 1
0.61678 0.24439 1
0.44509 0.35615 1
0.53155 0.5349 1
0.53794 0.60747 1
0.36714 0.36786 1
0.21758 0.42257 1
0.36714 0.36168 1
0.41843 0.50099 1
0.27959 0.57553 1
0.47811 0.49123 1
0.34133 0.4569 1
0.41621 0.25167 1
0.4608 0.67184 1
0.34936 0.66747 1
0.45361 0.55525 1
0.41228 0.52757 1
0.56392 0.5481 1
0.55104 0.4132 1
0.34801 0.50168 1
0.59015 0.71036 1
0.66509 0.5112 1
0.64497 0.64895 1
0.64798 0.59156 1
0.25357 0.60884 1
0.69025 0.5235 1
0.57799 0.34246 1
0.40944 0.61286 1
0.22704 0.3537 1
0.61942 0.41322 1
0.30339 0.50209 1
0.45454 0.21196 1
0.36654 0.54895 1
0.59397 0.45815 1
0.33879 0.39732 1
0.4451 0.43306 1
0.58222 0.37533 1
0.73122 0.59359 1
0.58625 0.48722 1
0.41849 0.62054 1
0.31501 0.61951 1
0.50409 0.4475 1
0.48209 0.38819 1
0.7741 0.59938 1
0.5595 0.32419 1
0.59648 0.41774 1
0.53002 0.44692 1
0.45593 0.3592 1
0.44052 0.36742 1
0.49123 0.26695 1
0.57963 0.35242 1
0.50022 0.3633 1
0.41081 0.63404 1
0.83659 0.55736 1
0.44748 0.66187 1
0.41783 0.33751 1
0.53751 0.59612 1
0.36211 0.38935 1
0.30686 0.31396 1
0.46625 0.3105 1
0.50628 0.65403 1
0.37932 0.36176 1
0.7601 0.42351 1
0.58583 0.14931 1
0.37015 0.55188 1
0.37724 0.32147 1
0.53951 0.3595 1
0.44548 0.54053 1
0.68192 0.28233 1
0.55437 0.46599 1
0.63263 0.49461 1
0.52365 0.54657 1
0.54284 0.48773 1
0.4319 0.58771 1
0.43003 0.15646 1
0.34794 0.54794 1
0.37773 0.61544 1
0.475 0.50471 1
0.57145 0.41851 1
0.31487 0.5608 1
0.47053 0.49238 1
0.48085 0.2151 1
0.57354 0.75621 1
0.63355 0.69305 1
0.6405 0.46242 1
0.46269 0.24237 1
0.40918 0.4986 1
0.52805 0.39459 1
0.33428 0.67279 1
0.45405 0.36521 1
0.54788 0.49449 1
0.57825 0.52433 1
0.4144 0.45696 1
0.45625 0.41888 1
0.65498 0.4494 1
0.38146 0.52379 1
0.61808 0.34003 1
0.51775 0.423 1
0.6316 0.50739 1
0.52991 0.40469 1
0.41092 0.38465 1
0.57474 0.41896 1
0.47835 0.40641 1
0.5133 0.45058 1
0.5435 0.56501 1
0.32213 0.40601 1
0.52727 0.57919 1
0.47753 0.45062 1
0.62082 0.24888 1
0.6847 0.40532 1
0.66154 0.53414 1
0.71158 0.41872 1
0.34638 0.44431 1
0.57792 0.46576 1
0.47941 0.37807 1
0.60364 0.56093 1
0.68202 0.66654 1
0.74219 0.57338 1
0.5569 0.44468 1
0.52443 0.63207 1
0.38088 0.58285 1
0.47618 0.23106 1
0.60613 0.50308 1
0.58502 0.47171 1
0.65719 0.351 1
0.60694 0.58757 1
0.6153 0.44313 1
0.44564 0.39562 1
0.21711 0.49216 1
0.717 0.59458 1
0.5705 0.66757 1
0.64795 0.48298 1
0.56219 0.56663 1
0.46687 0.3711 1
0.53434 0.38048 1
0.5608 0.44812 1
0.51749 0.58857 1
0.55353 0.72179 1
0.41233 0.2497 1
0.2162 0.50563 1
0.62547 0.55172 1
0.69137 0.45412 1
0.63138 0.34636 1
0.31077 0.54844 1
0.53803 0.37919 1
0.39999 0.37337 1
0.53893 0.27427 1
0.57606 0.32278 1
0.6843 0.28107 1
0.57466 0.33183 1
0.59558 0.71011 1
0.6612 0.61321 1
0.51617 0.40456 1
0.48181 0.61671 1
0.46827 0.34937 1
0.35007 0.54644 1
0.42866 0.09074 1
0.06787 0.44485 1
0.25134 0.53428 1
0.69587 0.41446 1
0.33829 0.79605 1
0.33822 0.35973 1
0.63861 0.51705 1
0.43848 0.52379 1
0.6564 0.36252 1
0.51772 0.57328 1
0.38981 0.39353 1
0.63473 0.42048 1
0.60754 0.09791 1
0.44695 0.42255 1
0.51085 0.48809 1
0.5264 0.32448 1
0.26204 0.71306 1
0.76611 0.63748 1
0.58387 0.43497 1
0.38345 0.60343 1
0.68137 0.52828 1
0.25852 0.51216 1
0.70454 0.17989 1
0.55453 0.69057 1
0.89192 0.43301 1
0.39929 0.59455 1
0.44363 0.6352 1
0.76693 0.64743 1
0.32657 0.37329 1
0.45529 0.65739 1
0.44904 0.55691 1
0.56325 0.61937 1
0.36003 0.64525 1
0.46789 0.59955 1
0.64075 0.31715 1
0.59993 0.42261 1
0.39676 0.37904 1
0.5398 0.57673 1
0.525 0.44531 1
0.39619 0.32899 1
0.52578 0.6297 1
0.53158 0.29088 1
0.55838 0.50934 1
0.55186 0.43366 1
0.5394 0.26418 1
0.62212 0.48852 1
0.45797 0.71704 1
0.79171 0.26254 1
0.40779 0.43321 1
0.54283 0.7357 1
0.70972 0.39667 1
0.36068 0.28216 1
0.65679 0.56549 1
0.72927 0.63944 1
0.76611 0.4349 1
0.49144 0.55996 1
0.417 0.4033 1
0.83888 0.36834 1
0.63885 0.43191 1
0.48814 0.45807 1
0.49676 0.22872 1
0.51407 0.42967 1
0.657 0.4778 1
0.5787 0.23013 1
0.6652 0.28427 1
0.45769 0.34505 1
0.46577 0.57322 1
0.70917 0.45617 1
0.46419 0.44828 1
0.59364 0.37754 1
0.72801 0.54531 1
0.56919 0.1892 1
0.32958 0.52852 1
0.6057 0.46618 1
0.53221 0.60002 1
0.82188 0.58085 1
0.54929 0.46891 1
0.69934 0.37142 1
0.68043 0.6417 1
0.70622 0.45471 1
0.53783 0.33354 1
0.42565 0.63744 1
0.33236 0.39609 1
0.462 0.22763 1
0.43391 0.50884 1
0.65041 0.53307 1
0.51078 0.47403 1
0.48622 0.53128 1
0.51808 0.54147 1
0.59235 0.32313 1
0.29274 0.26161 1
0.76952 0.49951 1
0.5999 0.2276 1
0.43485 0.35771 1
0.65837 0.39579 1
0.64639 0.23366 1
0.57789 0.35325 1
0.54469 0.51014 1
0.54898 0.50023 1
0.45331 0.62826 1
0.4718 0.33197 1
0.79855 0.23452 1
0.69808 0.40253 1
0.43136 0.56259 1
0.61987 0.49931 1
0.42338 0.29595 1
0.64122 0.27467 1
0.34489 0.28189 1
0.49242 0.38949 1
0.64959 0.31239 1
0.28942 0.52727 1
0.59875 0.5512 1
0.44442 0.55449 1
0.55809 0.34948 1
0.52478 0.59379 1
0.78352 0.47546 1
0.42993 0.27516 1
0.50197 0.43028 1
0.34397 0.7647 1
0.36699 0.54042 1
0.62269 0.39194 1
0.37797 0.25047 1
0.28814 0.22657 1
0.4026 0.46256 1
0.72546 0.32182 1
0.51797 0.76968 1
0.47287 0.47261 1
0.6187 0.60801 1
0.53563 0.58859 1
0.36201 0.49258 1
0.14882 0.43135 1
0.34045 0.60286 1
0.45265 0.32886 1
0.55027 0.25034 1
0.50942 0.44524 1
0.63712 0.61939 1
0.43205 0.45144 1
0.73156 0.55006 1
0.46955 0.64461 1
0.46863 0.21864 1
0.56311 0.47129 1
0.51048 0.41355 1
0.57972 0.23972 1
0.31063 0.59222 1
0.61186 0.29077 1
0.61784 0.5944 1
0.36849 0.36366 1
0.48918 0.41796 1
0.42075 0.56157 1
0.63407 0.41954 1
0.50116 0.3792 1
0.57874 0.44896 1
0.58168 0.59747 1
0.66618 0.30435 1
0.47963 0.46515 1
0.54388 0.52486 1
0.36879 0.37231 1
0.34725 0.35279 1
0.40422 0.49576 1
0.63203 0.35649 1
0.64577 0.28925 1
0.48831 0.48942 1
0.49732 0.24187 1
0.66037 0.41518 1
0.38955 0.35079 1
0.6414 0.6096 1
0.49935 0.59074 1
0.36483 0.38282 1
0.57994 0.44696 1
0.63278 0.41199 1
0.33926 0.53505 1
0.79878 0.43837 1
0.5919 0.53402 1
0.46428 0.63357 1
0.35911 0.52679 1
0.48465 0.48269 1
0.31159 0.52998 1
0.50541 0.34695 1
0.58875 0.52447 1
0.60606 0.21468 1
0.62643 0.56199 1
0.58878 0.39465 1
0.51907 0.4853 1
0.54793 0.26338 1
0.51889 0.56828 1
0.42737 0.60895 1
0.42795 0.48572 1
0.44276 0.48066 1
0.54504 0.5586 1
0.63377 0.32971 1
0.71917 0.2631 1
0.30116 0.36312 1
0.69505 0.51748 1
0.45621 0.2095 1
0.61452 0.47438 1
0.59748 0.55085 1
0.72641 0.30739 1
0.54978 0.46612 1
0.27898 0.48212 1
0.42268 0.46144 1
0.44425 0.34721 1
0.66535 0.42567 1
0.37988 0.6289 1
0.66642 0.34876 1
0.503 0.57103 1
0.63311 0.26949 1
0.60181 0.29713 1
0.72144 0.51142 1
0.67465 0.35225 1
0.27897 0.516 1
0.40119 0.48339 1
0.5372 0.53132 1
0.5904 0.4021 1
0.54891 0.69724 1
0.54534 0.41085 1
0.45114 0.4399 1
0.34267 0.44267 1
0.44159 0.42456 1
0.38151 0.33348 1
0.62926 0.38504 1
0.49733 0.41183 1
0.39205 0.2928 1
0.43837 0.29932 1
0.87914 0.38844 1
0.5244 0.23449 1
0.61301 0.48482 1
0.63414 0.37897 1
0.58119 0.44032 1
0.48444 0.48587 1
0.64521 0.46636 1
0.47024 0.45476 1
0.71654 0.46449 1
0.57914 0.56685 1
0.47508 0.69864 1
0.69793 0.44179 1
0.56333 0.53844 1
0.66047 0.66676 1
0.55615 0.45429 1
0.50557 0.65584 1
0.47627 0.57538 1
0.39457 0.48565 1
0.49195 0.55472 1
0.46841 0.31814 1
0.50493 0.17389 1
0.53233 0.10899 1
0.67593 0.67254 1
0.37472 0.60531 1
0.23689 0.46441 1
0.48657 0.54113 1
0.6027 0.42844 1
0.27841 0.53294 1
0.56327 0.54208 1
0.46224 0.58923 1
0.53281 0.64806 1
0.61644 0.39861 1
0.5188 0.51323 1
0.48541 0.56688 1
0.5324 0.23613 1
0.62269 0.44434 1
0.41481 0.49847 1
0.32642 0.42405 1
0.58531 0.42043 1
0.36836 0.60924 1
0.67082 0.60278 1
0.62262 0.42251 1
0.59833 0.40102 1
0.61311 0.48112 1
0.59353 0.44214 1
0.54482 0.57124 1
0.61803 0.51108 1
0.24091 0.71524 1
0.67336 0.38981 1
0.50093 0.52476 1
0.34371 0.33048 1
0.54459 0.65411 1
0.77412 0.29262 1
0.44231 0.36846 1
0.52758 0.22494 1
0.42249 0.32124 1
0.59355 0.41908 1
0.21217 0.3301 1
0.40767 0.53525 1
0.55928 0.36291 1
0.58325 0.5141 1
0.54537 0.52567 1
0.62768 0.43604 1
0.78079 0.53109 1
0.53918 0.50061 1
0.67561 0.46628 1
0.5836 0.40731 1
0.55069 0.65702 1
0.60703 0.50737 1
0.63495 0.59057 1
0.57333 0.29255 1
0.38333 0.54338 1
0.52801 0.39894 1
0.75481 0.33364 1
0.60457 0.46685 1
0.4857 0.58507 1
0.49427 0.53863 1
0.42206 0.46207 1
0.66669 0.5898 1
0.56217 0.53684 1
0.501 0.33334 1
0.50517 0.57795 1
0.72281 0.50625 1
0.55237 0.47765 1
0.71451 0.44202 1
0.4834 0.41794 1
0.55332 0.41696 1
0.62104 0.50629 1
0.42833 0.39588 1
0.57576 0.25772 1
0.59576 0.51396 1
0.62078 0.36052 1
0.45605 0.66585 1
0.80236 0.38623 1
0.47903 0.45425 1
0.47652 0.37361 1
0.47278 0.39001 1
0.68393 0.4036 1
0.7483 0.2053 1
0.69027 0.4972 1
0.41494 0.46649 1
0.52979 0.25097 1
0.2261 0.54138 1
0.51516 0.49689 1
0.42993 0.55191 1
0.47613 0.60333 1
0.38292 0.47552 1
0.63272 0.6441 1
0.3609 0.33124 1
0.64297 0.34761 1
0.26238 0.31478 1
0.42493 0.48302 1
0.51851 0.39368 1
0.68983 0.34639 1
0.54591 0.28753 1
0.35077 0.53455 1
0.43941 0.47078 1
0.24029 0.47863 1
0.59543 0.4411 1
0.43668 0.5577 1
0.42279 0.48504 1
0.72503 0.60608 1
0.61362 0.44672 1
0.59967 0.37112 1
0.38456 0.3268 1
0.56935 0.45051 1
0.68278 0.11854 1
0.56797 0.37099 1
0.47292 0.49234 1
0.54118 0.28909 1
0.37215 0.3398 1
0.42972 0.4793 1
0.59412 0.64194 1
0.5788 0.52102 1
0.3788 0.73048 1
0.50296 0.43814 1
0.34725 0.24889 1
0.54828 0.22631 1
0.48292 0.44358 1
0.41745 0.46642 1
0.55887 0.5608 1
0.38036 0.28301 1
0.56615 0.55157 1
0.40852 0.77262 1
0.47923 0.42099 1
0.71268 0.41662 1
0.41799 0.4714 1
0.45732 0.36178 1
0.42868 0.61153 1
0.54898 0.69742 1
0.44687 0.3432 1
0.32718 0.24239 1
0.48082 0.36788 1
0.53574 0.59873 1
0.52897 0.29425 1
0.36056 0.67339 1
0.50555 0.50357 1
0.48294 0.48632 1
0.57909 0.66794 1
0.60712 0.5606 1
0.53016 0.52835 1
0.60639 0.60387 1
0.64467 0.469 1
0.35382 0.51958 1
0.49635 0.48489 1
0.22249 0.33623 1
0.1688 0.63988 1
0.61926 0.26648 1
0.7132 0.29364 1
0.64436 0.50297 1
0.51329 0.46807 1
0.54961 0.2515 1
0.54569 0.47376 1
0.705 0.4727 1
0.45806 0.27946 1
0.43835 0.3635 1
0.57606 0.45002 1
0.59696 0.56278 1
0.36445 0.47271 1
0.42249 0.47945 1
0.52902 0.47999 1
0.59276 0.50038 1
0.86212 0.48449 1
0.55191 0.43833 1
0.55255 0.59023 1
0.47158 0.44974 1
0.66027 0.58126 1
0.41759 0.6948 1
0.59543 0.59654 1
0.55498 0.35026 1
0.54426 0.64023 1
0.58528 0.6145 1
0.64983 0.72084 1
0.88115 0.21909 1
0.57587 0.46115 1
0.54524 0.51287 1
0.53239 0.60657 1
0.52154 0.55262 1
0.53959 0.55805 1
0.63151 0.66487 1
0.29814 0.67532 1
0.3548 0.62164 1
0.45722 0.51413 1
0.82281 0.17101 1
0.5047 0.39035 1
0.39397 0.57354 1
0.28068 0.40207 1
0.76312 0.40588 1
0.40802 0.46431 1
0.47045 0.60266 1
0.67854 0.53683 1
0.27654 0.5355 1
0.61187 0.4063 1
0.25153 0.3467 1
0.60625 0.30827 1
0.8165 0.4835 1
0.44667 0.67265 1
0.47426 0.50079 1
0.46796 0.3147 1
0.72069 0.52696 1
0.5432 0.56294 1
0.405 0.36439 1
0.36038 0.54789 1
0.368 0.24694 1
0.47179 0.35556 1
0.73519 0.57066 1
0.48542 0.37664 1
0.92428 0.63651 1
0.43132 0.50866 1
0.41979 0.27675 1
0.71528 0.46094 1
0.72117 0.27708 1
0.56882 0.43647 1
0.65632 0.37822 1
0.55333 0.43751 1
0.4485 0.38837 1
0.58223 0.33923 1
0.18083 0.42396 1
0.41901 0.61575 1
0.34689 0.5488 1
0.69405 0.49571 1
0.63936 0.05007 1
0.48025 0.40494 1
0.49159 0.43064 1
0.50398 0.40759 1
0.28941 0.57221 1
0.38713 0.55043 1
0.47866 0.53339 1
0.504 0.45731 1
0.61816 0.32238 1
0.47187 0.58052 1
0.72159 0.4936 1
0.46056 0.44397 1
0.57807 0.56933 1
0.53142 0.29099 1
0.41451 0.44054 1
0.4981 0.36017 1
0.60342 0.57649 1
0.49367 0.54686 1
0.48406 0.34212 1
0.69009 0.49559 1
0.68426 0.51976 1
0.46293 0.58846 1
0.55848 0.65255 1
0.27401 0.6805 1
0.69333 0.42007 1
0.55406 0.64239 1
0.37207 0.46664 1
0.6747 0.42435 1
0.49951 0.30258 1
0.49726 0.39549 1
0.53804 0.45442 1
0.4332 0.54202 1
0.45066 0.34379 1
0.39018 0.25885 1
0.58594 0.12734 1
0.50539 0.4111 1
0.66852 0.5103 1
0.50762 0.26174 1
0.47699 0.29936 1
0.51518 0.46929 1
0.46179 0.29658 1
0.46578 0.49554 1
0.54086 0.46191 1
0.47428 0.39523 1
0.53732 0.52783 1
0.47138 0.4163 1
0.64249 0.40811 1
0.42201 0.45921 1
0.47451 0.50489 1
0.77901 0.37419 1
0.43373 0.5821 1
0.73495 0.64833 1
0.55332 0.62625 1
0.56578 0.32929 1
0.64394 0.3985 1
0.59414 0.5489 1
0.49932 0.34991 1
0.53444 0.52105 1
0.65781 0.31205 1
0.56026 0.52471 1
0.46362 0.12888 1
0.53849 0.70342 1
0.51459 0.53889 1
0.39154 0.40995 1
0.35388 0.48109 1
0.47741 0.33631 1
0.42684 0.57261 1
0.49508 0.53095 1
0.40612 0.47033 1
0.55299 0.28986 1
0.27152 0.57542 1
0.62174 0.27431 1
0.48185 0.47884 1
0.55525 0.6151 1
0.68741 0.45464 1
0.65819 0.37738 1
0.63153 0.71608 1
0.5599 0.45407 1
0.42064 0.51352 1
0.33121 0.47471 1
0.39083 0.53315 1
0.66635 0.61506 1
0.63353 0.4436 1
0.42129 0.34287 1
0.28428 0.56032 1
0.65368 0.54869 1
0.56082 0.57758 1
0.26802 0.43219 1
0.48475 0.30575 1
0.29477 0.46764 1
0.65138 0.57178 1
0.42696 0.18147 1
0.50639 0.58711 1
0.49444 0.40178 1
0.52488 0.76102 1
0.35202 0.54976 1
0.22129 0.31711 1
0.42773 0.42899 1
0.54757 0.47162 1
0.67307 0.62084 1
0.61664 0.59304 1
0.34509 0.6245 1
0.29562 0.35746 1
0.5795 0.32715 1
0.53051 0.34376 1
0.67863 0.44343 1
0.44829 0.44079 1
0.69298 0.23162 1
0.46596 0.41746 1
0.55227 0.6153 1
0.47607 0.54733 1
0.35547 0.47464 1
0.51477 0.43738 1
0.76751 0.63435 1
0.53393 0.52843 1
0.56045 0.12126 1
0.55998 0.37376 1
0.39607 0.46084 1
0.42777 0.505 1
0.46373 0.32564 1
0.37434 0.27199 1
0.50786 0.31738 1
0.3459 0.53789 1
0.55566 0.35837 1
0.67356 0.59371 1
0.45144 0.51065 1
0.52753 0.46848 1
0.32987 0.60197 1
0.58207 0.7635 1
0.42827 0.37628 1
0.41417 0.35645 1
0.29399 0.52449 1
0.61052 0.45419 1
0.29948 0.39493 1
0.52511 0.50044 1
0.58383 0.45634 1
0.48686 0.53598 1
0.40202 0.24725 1
0.55512 0.27119 1
0.41694 0.42339 1
0.46322 0.29115 1
0.67172 0.44995 1
0.21968 0.53913 1
0.35292 0.40526 1
0.69032 0.53534 1
0.607 0.47346 1
0.69264 0.41489 1
0.50348 0.37073 1
0.79598 0.5615 1
0.75331 0.42853 1
0.31597 0.47473 1
0.55802 0.35236 1
0.3498 0.5822 1
0.66378 0.65894 1
0.66045 0.37076 1
0.25778 0.51514 1
0.55468 0.45647 1
0.27144 0.52384 1
0.55793 0.50174 1
0.41509 0.36908 1
0.53749 0.30453 1
0.51064 0.54255 1
0.54639 0.31742 1
0.49879 0.60117 1
0.54393 0.42557 1
0.3132 0.32324 1
0.59 0.51243 1
0.64008 0.58903 1
0.54007 0.46265 1
0.461 0.60396 1
0.52693 0.42987 1
0.55864 0.80131 1
0.36432 0.46731 1
0.43776 0.63604 1
0.84217 0.59724 1
0.6755 0.66548 1
0.42378 0.68056 1
0.60147 0.37759 1
0.45264 0.55416 1
0.70108 0.51427 1
0.50122 0.55458 1
0.35642 0.44334 1
0.62903 0.20524 1
0.34301 0.46387 1
0.4091 0.60407 1
0.32408 0.67699 1
0.80333 0.57588 1
0.60509 0.60446 1
0.62308 0.2866 1
0.49044 0.30136 1
0.36603 0.5469 1
0.43975 0.60569 1
0.68779 0.36012 1
0.59644 0.58781 1
0.47702 0.17966 1
0.58004 0.4578 1
0.68275 0.46941 1
0.53464 0.31897 1
0.23192 0.67061 1
0.41298 0.4254 1
0.54269 0.60831 1
0.68019 0.49447 1
0.74033 0.4787 1
0.38396 0.58487 1
0.54337 0.50739 1
0.60394 0.55126 1
0.44432 0.45669 1
0.36549 0.61545 1
0.63066 0.55087 1
0.36722 0.60087 1
0.53168 0.50296 1
0.52905 0.35373 1
0.46445 0.36259 1
0.55392 0.48705 1
0.34476 0.75669 1
0.38942 0.47278 1
0.55907 0.4903 1
0.45358 0.28444 1
0.43186 0.6262 1
0.48741 0.63105 1
0.29935 0.3847 1
0.40296 0.56379 1
0.63298 0.20638 1
0.50065 0.66906 1
0.60212 0.62279 1
0.43836 0.51104 1
0.47212 0.52485 1
0.79315 0.59371 1
0.50345 0.49019 1
0.22235 0.52706 1
0.64141 0.41561 1
0.54576 0.64105 1
0.53231 0.44015 1
0.44734 0.44423 1
0.64375 0.24381 1
0.21894 0.43504 1
0.4703 0.46112 1
0.55279 0.54801 1
0.63491 0.31684 1
0.52992 0.21535 1
0.47215 0.22495 1
0.61377 0.4921 1
0.34471 0.53454 1
0.60345 0.46876 1
0.38205 0.54739 1
0.45237 0.75128 1
0.52937 0.31606 1
0.54574 0.34079 1
0.52464 0.26297 1
0.76943 0.56096 1
0.68093 0.48852 1
0.5643 0.446 1
0.73004 0.55849 1
0.34366 0.49995 1
0.50904 0.3408 1
0.65888 0.51891 1
0.54336 0.47059 1
0.61601 0.28466 1
0.61368 0.60364 1
0.37232 0.50333 1
0.45784 0.35419 1
0.44978 0.51098 1
0.57458 0.38598 1
0.57954 0.60014 1
0.55143 0.34837 1
0.53396 0.43494 1
0.49997 0.5675 1
0.74187 0.38331 1
0.54766 0.30522 1
0.75757 0.31905 1
0.52832 0.48318 1
0.48281 0.52394 1
0.72934 0.64543 1
0.56128 0.48875 1
0.38146 0.44444 1
0.52572 0.43468 1
0.73803 0.55079 1
0.69333 0.69193 1
0.50175 0.56896 1
0.46433 0.61384 1
0.53825 0.46522 1
0.43598 0.6561 1
0.48272 0.48696 1
0.38724 0.51196 1
0.42638 0.65477 1
0.40986 0.36523 1
0.49537 0.58925 1
0.57406 0.38336 1
0.57632 0.58073 1
0.47849 0.64014 1
0.5936 0.45202 1
0.48751 0.45134 1
0.36329 0.58617 1
0.38449 0.44647 1
0.46579 0.62095 1
0.58504 0.53498 1
0.51332 0.56751 1
0.37516 0.49296 1
0.53519 0.80924 1
0.61222 0.64722 1
0.4557 0.69435 1
0.2067 0.57041 1
0.59308 0.50708 1
0.52084 0.58616 1
0.78113 0.40473 1
0.50881 0.37426 1
0.53079 0.66794 1
0.61493 0.38146 1
0.56467 0.33376 1
0.51098 0.3679 1
0.63076 0.3508 1
0.55863 0.41214 1
0.28985 0.3633 1
0.17799 0.60349 1
0.7367 0.2972 1
0.39094 0.13143 1
0.56391 0.54391 1
0.50068 0.53346 1
0.7224 0.54315 1
0.39784 0.21299 1
0.37015 0.47812 1
0.49411 0.37857 1
0.59065 0.52259 1
0.3437 0.48663 1
0.74212 0.35442 1
0.67407 0.47564 1
0.68778 0.53645 1
0.7227 0.32353 1
0.62171 0.45168 1
0.60253 0.50152 1
0.48014 0.44983 1
0.47495 0.33274 1
0.51767 0.39756 1
0.63397 0.45426 1
0.44524 0.55048 1
0.61117 0.25871 1
0.52953 0.43107 1
0.53697 0.61553 1
0.56118 0.70734 1
0.45803 0.51487 1
0.72222 0.38958 1
0.76528 0.23089 1
0.2897 0.55688 1
0.53424 0.61058 1
0.33046 0.44295 1
0.51227 0.29647 1
0.35737 0.46328 1
0.61101 0.52984 1
0.34876 0.44261 1
0.41641 0.4583 1
0.44215 0.49675 1
0.5984 0.52484 1
0.5099 0.2284 1
0.51208 0.40334 1
0.80536 0.64895 1
0.70256 0.68426 1
0.61944 0.54632 1
0.45439 0.43871 1
0.54241 0.22163 1
0.5868 0.3679 1
0.32175 0.43532 1
0.15738 0.4396 1
0.3622 0.52427 1
0.51819 0.59025 1
0.41811 0.14478 1
0.47536 0.41328 1
0.37974 0.23126 1
0.68245 0.71599 1
0.62857 0.55407 1
0.6999 0.62389 1
0.57207 0.42549 1
0.56447 0.27851 1
0.32741 0.36846 1
0.43892 0.82652 1
0.28092 0.40708 1
0.45956 0.59408 1
0.57617 0.38486 1
0.38994 0.76108 1
0.511 0.53846 1
0.56839 0.34242 1
0.21772 0.63465 1
0.47745 0.58817 1
0.43321 0.43025 1
0.34306 0.57756 1
0.73202 0.38536 1
0.65351 0.3375 1
0.54974 0.44306 1
0.28702 0.43246 1
0.65763 0.69421 1
0.58477 0.32345 1
0.60611 0.56073 1
0.61632 0.21381 1
0.74724 0.55293 1
0.42001 0.18807 1
0.64744 0.53809 1
0.60843 0.3497 1
0.642 0.36855 1
0.49603 0.49563 1
0.20189 0.53618 1
0.45332 0.21095 1
0.41122 0.62331 1
0.7495 0.28434 1
0.67154 0.5646 1
0.69806 0.55607 1
0.45017 0.52102 1
0.51387 0.59548 1
0.36358 0.35811 1
0.38885 0.28144 1
0.34624 0.41539 1
0.3584 0.59455 1
0.48208 0.7093 1
0.47127 0.37406 1
0.38702 0.47192 1
0.53917 0.39582 1
0.55199 0.62852 1
0.3387 0.5593 1
0.34105 0.20264 1
0.33804 0.82057 1
0.69601 0.32536 1
0.66041 0.41213 1
0.29374 0.64035 1
0.45497 0.63942 1
0.56761 0.35971 1
0.6269 0.26215 1
0.29876 0.68559 1
0.87142 0.46284 1
0.51672 0.4766 1
0.47408 0.27192 1
0.46409 0.52908 1
0.52383 0.25884 1
0.51913 0.48525 1
0.5838 0.35887 1
0.74586 0.49803 1
0.6126 0.43709 1
0.52815 0.67719 1
0.72521 0.49954 1
0.34463 0.4564 1
0.45177 0.49751 1
0.60758 0.29998 1
0.7467 0.49149 1
0.66032 0.44728 1
0.60096 0.28592 1
0.45591 0.45604 1
0.47779 0.56492 1
0.476 0.4644 1
0.44244 0.29686 1
0.37318 0.38158 1
0.63957 0.31736 1
0.42293 0.25486 1
0.57129 0.29852 1
0.73218 0.33775 1
0.69926 0.39216 1
0.30037 0.44005 1
0.601 0.45479 1
0.68966 0.5485 1
0.4101 0.32566 1
0.56387 0.48038 1
0.62644 0.36548 1
0.38214 0.38403 1
0.59589 0.53585 1
0.21456 0.60256 1
0.35712 0.53348 1
0.67808 0.31104 1
0.39604 0.44159 1
0.59198 0.38318 1
0.55392 0.24905 1
0.49727 0.4828 1
0.38831 0.39163 1
0.57596 0.49515 1
0.5509 0.36304 1
0.55957 0.36188 1
0.5727 0.34225 1
0.49458 0.35406 1
0.46382 0.71296 1
0.57501 0.21697 1
0.6703 0.34988 1
0.80365 0.39008 1
0.60645 0.40889 1
0.60811 0.48973 1
0.50348 0.51674 1
0.63832 0.4861 1
0.27738 0.44637 1
0.77209 0.56033 1
0.49861 0.60956 1
0.68265 0.34168 1
0.42469 0.57356 1
0.25321 0.28669 1
0.72332 0.51533 1
0.5274 0.65649 1
0.35884 0.48485 1
0.20975 0.53625 1
0.45001 0.52747 1
0.43855 0.42221 1
0.72536 0.52485 1
0.52884 0.46041 1
0.68471 0.5771 1
0.33656 0.57446 1
0.4466 0.43029 1
0.36634 0.38393 1
0.66556 0.53723 1
0.46924 0.43326 1
0.52356 0.47725 1
0.6396 0.3639 1
0.58594 0.69466 1
0.56288 0.607 1
0.48796 0.42041 1
0.56067 0.35546 1
0.55618 0.28139 1
0.72814 0.47846 1
0.53498 0.5447 1
0.4691 0.42884 1
0.63982 0.27568 1
0.39606 0.44116 1
0.55323 0.33608 1
0.64464 0.51542 1
0.52904 0.46462 1
0.68541 0.29507 1
0.62004 0.66661 1
0.44021 0.53135 1
0.58184 0.45791 1
0.37574 0.40627 1
0.80485 0.40157 1
0.54802 0.43491 1
0.39274 0.54352 1
0.65101 0.63574 1
0.64318 0.12989 1
0.46837 0.48835 1
0.43401 0.55846 1
0.47465 0.29674 1
0.44806 0.55522 1
0.41033 0.35646 1
0.48692 0.43524 1
0.59647 0.29058 1
0.32918 0.48896 1
0.49523 0.48425 1
0.307 0.32711 1
0.65485 0.43322 1
0.57911 0.42312 1
0.56376 0.55978 1
0.42185 0.61233 1
0.6307 0.57792 1
0.61273 0.25659 1
0.27637 0.25636 1
0.34142 0.34243 1
0.37793 0.3435 1
0.44908 0.67858 1
0.48636 0.65303 1
0.48751 0.30569 1
0.5231 0.27915 1
0.62618 0.48812 1
0.60411 0.49375 1
0.60312 0.48669 1
0.5802 0.74 1
0.69422 0.34559 1
0.39208 0.27659 1
0.55472 0.39149 1
0.85384 0.82877 1
0.38558 0.69968 1
0.33035 0.65578 1
0.26719 0.40446 1
0.61292 0.29852 1
0.5063 0.39834 1
0.73023 0.48925 1
0.6892 0.45162 1
0.50134 0.38305 1
0.46994 0.48233 1
0.65361 0.53058 1
0.29923 0.39106 1
0.68439 0.52359 1
0.50784 0.41726 1
0.31281 0.59703 1
0.45518 0.38287 1
0.47807 0.42283 1
0.5456 0.35956 1
0.56674 0.39772 1
0.56963 0.24458 1
0.64918 0.29507 1
0.42645 0.16332 1
0.50717 0.24075 1
0.61002 0.49648 1
0.7145 0.36125 1
0.45286 0.39894 1
0.3292 0.43758 1
0.54958 0.45067 1
0.3006 0.47077 1
0.44396 0.46365 1
0.68808 0.41615 1
0.48252 0.35435 1
0.34026 0.4248 1
0.70528 0.46889 1
0.66976 0.37174 1
0.57904 0.36538 1
0.5076 0.43101 1
0.47291 0.37514 1
0.31278 0.43068 1
0.24687 0.66363 1
0.57351 0.42194 1
0.40279 0.34107 1
0.65493 0.47533 1
0.47624 0.44275 1
0.58992 0.457 1
0.47945 0.43831 1
0.65611 0.42331 1
0.44332 0.66302 1
0.608 0.3443 1
0.51116 0.25479 1
0.37996 0.6875 1
0.52807 0.35786 1
0.75849 0.4358 1
0.39363 0.44816 1
0.48429 0.41538 1
0.4333 0.48689 1
0.57175 0.56814 1
0.62931 0.41813 1
0.66705 0.50093 1
0.36257 0.60233 1
0.61414 0.5233 1
0.54872 0.43473 1
0.54526 0.64382 1
0.32934 0.52442 1
0.56748 0.51799 1
0.68041 0.63279 1
0.35968 0.3236 1
0.44827 0.5966 1
0.47346 0.55705 1
0.6122 0.23379 1
0.74446 0.37816 1
0.60803 0.56551 1
0.48071 0.42127 1
0.313 0.52384 1
0.60327 0.51618 1
0.39656 0.30965 1
0.66951 0.66231 1
0.64676 0.40768 1
0.73447 0.39653 1
0.65064 0.56352 1
0.50599 0.58271 1
0.64355 0.62064 1
0.42301 0.58357 1
0.51454 0.39975 1
0.65934 0.65629 1
0.49557 0.41808 1
0.72041 0.1889 1
0.47856 0.48108 1
0.53807 0.2004 1
0.35504 0.47214 1
0.28779 0.35988 1
0.61371 0.4381 1
0.71461 0.50278 1
0.43158 0.45384 1
0.60917 0.4552 1
0.72965 0.51562 1
0.47015 0.72257 1
0.57018 0.56076 1
0.56436 0.4399 1
0.63956 0.36079 1
0.49448 0.43945 1
0.7309 0.42471 1
0.60437 0.57738 1
0.53108 0.56814 1
0.4765 0.43465 1
0.46868 0.47008 1
0.49261 0.63139 1
0.75988 0.50914 1
0.38077 0.57978 1
0.49737 0.64162 1
0.46154 0.57574 1
0.2988 0.70473 1
0.69606 0.17588 1
0.33372 0.74108 1
0.57275 0.55018 1
0.75266 0.58991 1
0.45062 0.48057 1
0.57386 0.33066 1
0.70465 0.27805 1
0.56667 0.39809 1
0.5443 0.6972 1
0.60111 0.20995 1
0.40936 0.50477 1
0.46888 0.30102 1
0.32294 0.48567 1
0.51959 0.47049 1
0.57991 0.52376 1
0.42921 0.28295 1
0.58877 0.47231 1
0.46074 0.58277 1
0.47349 0.52268 1
0.46578 0.20939 1
0.74348 0.49378 1
0.16713 0.45618 1
0.31986 0.43526 1
0.63255 0.57454 1
0.54633 0.54028 1
0.42322 0.55229 1
0.36863 0.54376 1
0.48685 0.29365 1
0.44965 0.57438 1
0.46962 0.58381 1
0.58263 0.6064 1
0.4551 0.56969 1
0.49891 0.4279 1
0.52249 0.30288 1
0.53388 0.38859 1
0.56891 0.55006 1
0.24503 0.33441 1
0.45165 0.3912 1
0.49725 0.47878 1
0.35944 0.57989 1
0.45527 0.40725 1
0.32602 0.58983 1
0.89133 0.38695 1
0.42758 0.53759 1
0.44937 0.5518 1
0.4623 0.52626 1
0.51571 0.36694 1
0.44631 0.67453 1
0.61212 0.56612 1
0.84054 0.2287 1
0.39145 0.70221 1
0.60273 0.33477 1
0.50193 0.37694 1
0.66682 0.32912 1
0.81775 0.5711 1
0.47918 0.44575 1
0.652 0.56045 1
0.45925 0.55794 1
0.71626 0.49014 1
0.35007 0.27608 1
0.40242 0.43738 1
0.71084 0.40155 1
0.58403 0.64656 1
0.55364 0.48173 1
0.47088 0.60614 1
0.62295 0.291 1
0.65349 0.83251 1
0.58106 0.31446 1
0.76033 0.59857 1
0.44257 0.38042 1
0.55611 0.31969 1
0.52045 0.53983 1
0.36825 0.65544 1
0.47813 0.48367 1
0.54727 0.25493 1
0.51472 0.25564 1
0.44672 0.47723 1
0.38022 0.59442 1
0.36332 0.44459 1
0.53263 0.53 1
0.59123 0.56812 1
0.60604 0.58941 1
0.38739 0.37951 1
0.48745 0.39428 1
0.45831 0.45485 1
0.75621 0.48204 1
0.42134 0.19823 1
0.48549 0.45144 1
0.35382 0.54323 1
0.59065 0.424 1
0.42307 0.59239 1
0.42078 0.56152 1
0.4347 0.58303 1
0.42939 0.47384 1
0.49506 0.3241 1
0.58311 0.51213 1
0.78472 0.50489 1
0.599 0.44597 1
0.70817 0.21665 1
0.55527 0.33891 1
0.57354 0.49553 1
0.34213 0.67462 1
0.48153 0.37795 1
0.49633 0.28339 1
0.5489 0.58541 1
0.43924 0.61185 1
0.51674 0.51851 1
0.35682 0.46624 1
0.69243 0.52011 1
0.41734 0.26752 1
0.41288 0.66496 1
0.65433 0.23617 1
0.24808 0.46875 1
0.57025 0.46084 1
0.47588 0.10613 1
0.59102 0.51167 1
0.48775 0.37692 1
0.58803 0.45593 1
0.45552 0.73834 1
0.24276 0.55959 1
0.63057 0.51503 1
0.53435 0.69093 1
0.47416 0.51066 1
0.49621 0.37658 1
0.48968 0.48856 1
0.36473 0.46136 1
0.62783 0.45933 1
0.5389 0.52279 1
0.68241 0.37719 1
0.37647 0.63786 1
0.68651 0.51528 1
0.54594 0.44701 1
0.5644 0.41879 1
0.47146 0.49361 1
0.42797 0.498 1
0.61059 0.28777 1
0.53078 0.66901 1
0.53939 0.50259 1
0.5838 0.45956 1
0.33818 0.62155 1
0.38967 0.526 1
0.47539 0.35317 1
0.66179 0.25763 1
0.46666 0.41288 1
0.36538 0.3106 1
0.50403 0.50277 1
0.6596 0.38411 1
0.29417 0.47682 1
0.45738 0.39287 1
0.39758 0.38439 1
0.57537 0.33671 1
0.57428 0.37148 1
0.60325 0.53203 1
0.68724 0.4629 1
0.62726 0.65642 1
0.40643 0.50358 1
0.29609 0.3056 1
0.64202 0.5747 1
0.39224 0.48716 1
0.72813 0.21989 1
0.50211 0.35678 1
0.39459 0.55626 1
0.47904 0.38586 1
0.52377 0.45109 1
0.48655 0.47245 1
0.46587 0.31344 1
0.5163 0.79824 1
0.6782 0.70637 1
0.40777 0.36091 1
0.51247 0.62593 1
0.45683 0.24046 1
0.34955 0.48294 1
0.58387 0.39961 1
0.5546 0.47331 1
0.42028 0.50699 1
0.36494 0.585 1
0.53708 0.6314 1
0.54367 0.64685 1
0.90575 0.47836 1
0.71665 0.46658 1
0.64537 0.58536 1
0.72312 0.46969 1
0.53406 0.43276 1
0.41029 0.39325 1
0.32205 0.40706 1
0.52931 0.22569 1
0.66908 0.64821 1
0.57278 0.49882 1
0.61342 0.28799 1
0.65935 0.41176 1
0.60284 0.48479 1
0.48287 0.10447 1
0.72988 0.48356 1
0.81391 0.8309 1
0.35616 0.36846 1
0.52641 0.39861 1
0.50505 0.48469 1
0.48628 0.36963 1
0.62342 0.534 1
0.55611 0.35294 1
0.36194 0.29343 1
0.55339 0.51323 1
0.364 0.58526 1
0.50428 0.37067 1
0.52909 0.36673 1
0.51147 0.53895 1
0.23186 0.43092 1
0.73646 0.47484 1
0.55136 0.49282 1
0.62818 0.5596 1
0.31914 0.53265 1
0.38023 0.48038 1
0.49245 0.5023 1
0.61619 0.52161 1
0.53516 0.74662 1
0.52385 0.39865 1
0.51433 0.54447 1
0.21076 0.40919 1
0.46363 0.45359 1
0.48661 0.55009 1
0.52346 0.38405 1
0.66612 0.25506 1
0.54736 0.3961 1
0.80446 0.61157 1
0.35857 0.28214 1
0.61321 0.79306 1
0.49501 0.39152 1
0.4326 0.4048 1
0.30015 0.34091 1
0.58923 0.4719 1
0.49541 0.43214 1
0.60558 0.59426 1
0.54398 0.51265 1
0.6423 0.3744 1
0.52516 0.31801 1
0.36248 0.54409 1
0.55015 0.40545 1
0.50272 0.36166 1
0.62929 0.41867 1
0.47543 0.45125 1
0.61218 0.3383 1
0.51747 0.36967 1
0.59162 0.20797 1
0.62266 0.33802 1
0.58655 0.53556 1
0.30538 0.35436 1
0.53767 0.49234 1
0.54856 0.71454 1
0.554 0.64148 1
0.75769 0.59664 1
0.35364 0.55044 1
0.68992 0.57142 1
0.60107 0.56158 1
0.74331 0.37468 1
0.67032 0.55501 1
0.51168 0.33363 1
0.56657 0.52745 1
0.63071 0.29283 1
0.52056 0.43008 1
0.66296 0.49431 1
0.38726 0.463 1
0.47013 0.76245 1
0.39826 0.2443 1
0.64163 0.65136 1
0.42757 0.26449 1
0.47359 0.54902 1
0.33027 0.13455 1
0.62678 0.49434 1
0.49012 0.37563 1
0.66129 0.20304 1
0.5197 0.41902 1
0.77113 0.33408 1
0.384 0.75366 1
0.57732 0.4457 1
0.48589 0.28494 1
0.63413 0.44032 1
0.57061 0.55771 1
0.39375 0.50978 1
0.69838 0.39778 1
0.43975 0.34831 1
0.46499 0.69601 1
0.67345 0.35062 1
0.47121 0.53336 1
0.69124 0.53885 1
0.43998 0.51395 1
0.38343 0.44782 1
0.53806 0.16352 1
0.36316 0.42674 1
0.62195 0.40231 1
0.52696 0.44545 1
0.39993 0.57486 1
0.79707 0.47397 1
0.64786 0.51228 1
0.51713 0.50775 1
0.52092 0.19515 1
0.53593 0.65214 1
0.46951 0.59744 1
0.73289 0.17778 1
0.43145 0.59072 1
0.58717 0.59131 1
0.55222 0.41704 1
0.60291 0.46063 1
0.23272 0.65304 1
0.584 0.48356 1
0.41371 0.6488 1
0.25716 0.21491 1
0.45278 0.59263 1
0.39465 0.77917 1
0.6166 0.27235 1
0.7931 0.55306 1
0.46571 0.45101 1
0.59628 0.67858 1
0.51618 0.38219 1
0.39314 0.45556 1
0.50583 0.56522 1
0.41944 0.40827 1
0.19985 0.50981 1
0.61143 0.1666 1
0.72551 0.61368 1
0.41389 0.40803 1
0.49381 0.48675 1
0.6237 0.59307 1
0.44999 0.32108 1
0.53684 0.52212 1
0.59925 0.60005 1
0.4533 0.66855 1
0.7468 0.43225 1
0.48959 0.38752 1
0.64528 0.45219 1
0.41026 0.54331 1
0.51523 0.4892 1
0.50984 0.26615 1
0.90758 0.60063 1
0.54899 0.58907 1
0.46357 0.63232 1
0.70988 0.39593 1
0.46506 0.51154 1
0.53396 0.6336 1
0.45477 0.3843 1
0.36822 0.55335 1
0.39237 0.32352 1
0.527 0.28965 1
0.57268 0.51391 1
0.6385 0.34049 1
0.37779 0.49684 1
0.71729 0.27695 1
0.58729 0.3745 1
0.36282 0.38118 1
0.62846 0.59247 1
0.52104 0.72773 1
0.44088 0.48061 1
0.72712 0.44643 1
0.32324 0.71741 1
0.3243 0.48712 1
0.59467 0.67053 1
0.78602 0.59228 1
0.54243 0.44129 1
0.78061 0.60132 1
0.41232 0.52978 1
0.44375 0.49483 1
0.49757 0.48245 1
0.45677 0.26511 1
0.63948 0.23828 1
0.1942 0.25891 1
0.601 0.23594 1
0.24184 0.2626 1
0.55484 0.39376 1
0.65541 0.44607 1
0.75253 0.5774 1
0.57766 0.54937 1
0.53348 0.4727 1
0.22621 0.48879 1
0.53926 0.51225 1
0.64791 0.43267 1
0.55485 0.66122 1
0.68451 0.45205 1
0.44476 0.29452 1
0.68464 0.34664 1
0.56947 0.57777 1
0.61001 0.3128 1
0.59121 0.52234 1
0.30634 0.33167 1
0.49828 0.46759 1
0.41445 0.51155 1
0.55098 0.48141 1
0.44596 0.50714 1
0.67445 0.57241 1
0.44041 0.47408 1
0.40705 0.59978 1
0.40435 0.3642 1
0.44573 0.76031 1
0.49839 0.37192 1
0.65893 0.29725 1
0.58666 0.42403 1
0.61219 0.57057 1
0.44447 0.41389 1
0.61221 0.61482 1
0.64789 0.57631 1
0.35039 0.30469 1
0.61209 0.38476 1
0.35413 0.31792 1
0.36033 0.49897 1
0.51162 0.31464 1
0.46767 0.55197 1
0.46156 0.49469 1
0.60914 0.35714 1
0.43758 0.50866 1
0.43535 0.31555 1
0.41508 0.42297 1
0.29797 0.52169 1
0.52989 0.45681 1
0.51231 0.40596 1
0.35621 0.54237 1
0.67251 0.61566 1
0.50273 0.28425 1
0.55686 0.36105 1
0.55211 0.45896 1
0.67065 0.54512 1
0.43415 0.42842 1
0.4416 0.32107 1
0.49639 0.46195 1
0.4566 0.39043 1
0.62714 0.40005 1
0.57617 0.40665 1
0.62572 0.40539 1
0.44441 0.37575 1
0.48745 0.20154 1
0.36099 0.61889 1
0.53948 0.40755 1
0.42253 0.46954 1
0.422 0.38759 1
0.66358 0.37685 1
0.80826 0.25468 1
0.51106 0.26205 1
0.35338 0.43011 1
0.57025 0.41997 1
0.56723 0.42075 1
0.45308 0.49283 1
0.77204 0.43763 1
0.5462 0.50648 1
0.64887 0.56159 1
0.47762 0.27251 1
0.4982 0.31991 1
0.23825 0.49731 1
0.46231 0.32453 1
0.48402 0.48995 1
0.56241 0.136 1
0.62468 0.21738 1
0.42257 0.44597 1
0.46143 0.68047 1
0.2339 0.49609 1
0.57998 0.40202 1
0.56428 0.65936 1
0.55066 0.53872 1
0.39603 0.4616 1
0.52789 0.44669 1
0.37952 0.40945 1
0.36408 0.59151 1
0.65993 0.17531 1
0.45006 0.53323 1
0.50112 0.53063 1
0.50723 0.44076 1
0.4531 0.75301 1
0.60592 0.60959 1
0.52809 0.70463 1
0.5869 0.60945 1
0.47447 0.50443 1
0.67923 0.21017 1
0.54477 0.51286 1
0.4657 0.14195 1
0.49775 0.67257 1
0.37907 0.75974 1
0.6212 0.48122 1
0.71629 0.31093 1
0.71213 0.40886 1
0.49307 0.51118 1
0.53733 0.59782 1
0.47284 0.45887 1
0.43511 0.47418 1
0.4147 0.41532 1
0.51419 0.38757 1
0.47563 0.37354 1
0.68818 0.43209 1
0.44605 0.73419 1
0.6599 0.75991 1
0.31109 0.84371 1
0.4006 0.51173 1
0.51562 0.47192 1
0.59237 0.37327 1
0.49919 0.61377 1
0.50354 0.4497 1
0.49726 0.33272 1
0.59255 0.57937 1
0.59477 0.5802 1
0.7464 0.52686 1
0.47105 0.48169 1
0.63875 0.52436 1
0.4155 0.38359 1
0.55797 0.4279 1
0.5574 0.41436 1
0.65465 0.6286 1
0.54368 0.5167 1
0.55293 0.42959 1
0.74824 0.31132 1
0.62849 0.64898 1
0.51997 0.57385 1
0.58259 0.42328 1
0.5114 0.30036 1
0.68761 0.46142 1
0.59046 0.50586 1
0.43189 0.41048 1
0.70857 0.47256 1
0.6306 0.4374 1
0.57871 0.53318 1
0.63445 0.55855 1
0.77007 0.45869 1
0.45951 0.41574 1
0.34174 0.59298 1
0.67013 0.35943 1
0.57243 0.712 1
0.59854 0.29213 1
0.64036 0.64785 1
0.56229 0.36615 1
0.59508 0.60609 1
0.36635 0.543 1
0.39417 0.55187 1
0.52229 0.5056 1
0.29734 0.2603 1
0.52947 0.58225 1
0.52179 0.41703 1
0.59677 0.43958 1
0.6653 0.33373 1
0.56755 0.52605 1
0.48271 0.47088 1
0.62843 0.63729 1
0.66852 0.55782 1
0.50876 0.4043 1
0.48636 0.35439 1
0.4255 0.5915 1
0.30853 0.54805 1
0.46955 0.36329 1
0.45418 0.47176 1
0.70218 0.66813 1
0.44739 0.34838 1
0.59682 0.40322 1
0.62107 0.39555 1
0.49154 0.28852 1
0.47215 0.39068 1
0.48852 0.54238 1
0.79929 0.23613 1
0.59596 0.45823 1
0.75471 0.65717 1
0.39027 0.51861 1
0.4259 0.35682 1
0.57587 0.35496 1
0.57708 0.30908 1
0.6699 0.37648 1
0.65427 0.53171 1
0.62079 0.27685 1
0.56154 0.47054 1
0.38133 0.35296 1
0.41056 0.28255 1
0.53711 0.50404 1
0.51931 0.40353 1
0.49799 0.60702 1
0.61095 0.68898 1
0.47376 0.40904 1
0.7188 0.75261 1
0.56345 0.64359 1
0.68911 0.37968 1
0.6221 0.44778 1
0.55903 0.47622 1
0.63049 0.80899 1
0.39179 0.44424 1
0.78367 0.55029 1
0.30411 0.58014 1
0.57175 0.24018 1
0.4365 0.36375 1
0.44715 0.37672 1
0.71233 0.56746 1
0.61741 0.44009 1
0.63062 0.41081 1
0.3231 0.48198 1
0.5195 0.39287 1
0.49781 0.56 1
0.39187 0.49388 1
0.52783 0.47748 1
0.58585 0.38448 1
0.66152 0.39903 1
0.64743 0.42769 1
0.61323 0.32171 1
0.32543 0.35267 1
0.31317 0.47052 1
0.66147 0.17787 1
0.58963 0.54866 1
0.40829 0.44708 1
0.58934 0.52447 1
0.61331 0.51412 1
0.45376 0.48922 1
0.5104 0.41857 1
0.91642 0.42631 1
0.7972 0.60027 1
0.73109 0.60819 1
0.54974 0.41461 1
0.57248 0.58961 1
0.42845 0.52729 1
0.52308 0.53908 1
0.71714 0.32791 1
0.32874 0.34181 1
0.70666 0.31979 1
0.45876 0.60636 1
0.50746 0.30482 1
0.42379 0.2605 1
0.60694 0.41522 1
0.45436 0.50083 1
0.42802 0.55396 1
0.5519 0.66403 1
0.45269 0.42874 1
0.68424 0.5524 1
0.48324 0.33444 1
0.70322 0.40091 1
0.47932 0.28844 1
0.58246 0.62635 1
0.51495 0.59512 1
0.48926 0.50228 1
0.38849 0.59505 1
0.40281 0.37575 1
0.49977 0.52929 1
0.59422 0.42294 1
0.25032 0.7639 1
0.59086 0.23158 1
0.5833 0.52429 1
0.50592 0.38928 1
0.33231 0.33101 1
0.72246 0.39689 1
0.72708 0.27365 1
0.59033 0.39111 1
0.56223 0.52795 1
0.26559 0.44813 1
0.65823 0.51336 1
0.13822 0.48154 1
0.37987 0.42747 1
0.6112 0.38876 1
0.37322 0.17363 1
0.61133 0.5607 1
0.38138 0.34721 1
0.66989 0.37685 1
0.42387 0.62798 1
0.48871 0.46255 1
0.32313 0.35217 1
0.63693 0.49217 1
0.40484 0.33229 1
0.71123 0.45253 1
0.33456 0.51909 1
0.71202 0.50101 1
0.39272 0.33177 1
0.46361 0.51545 1
0.43173 0.50629 1
0.48561 0.61087 1
0.84166 0.37537 1
0.36724 0.26387 1
0.53908 0.63284 1
0.41129 0.32527 1
0.26831 0.51007 1
0.44204 0.60135 1
0.45866 0.45402 1
0.48915 0.28226 1
0.55088 0.54438 1
0.79008 0.32657 1
0.38551 0.43968 1
0.756 0.25606 1
0.58727 0.38333 1
0.36937 0.38593 1
0.31436 0.51173 1
0.22848 0.53557 1
0.6611 0.33784 1
0.64768 0.51806 1
0.51308 0.32161 1
0.49779 0.3159 1
0.58383 0.63262 1
0.27902 0.4962 1
0.38492 0.53695 1
0.62017 0.38234 1
0.35821 0.40815 1
0.3225 0.62217 1
0.54089 0.37641 1
0.48391 0.33535 1
0.54368 0.51616 1
0.35157 0.444 1
0.51677 0.45042 1
0.51728 0.27542 1
0.37551 0.51632 1
0.62333 0.53065 1
0.73255 0.59836 1
0.3285 0.51372 1
0.58968 0.36116 1
0.3273 0.31213 1
0.46068 0.40245 1
0.56434 0.58267 1
0.74494 0.39443 1
0.39764 0.31951 1
0.59222 0.49835 1
0.66429 0.46073 1
0.26458 0.46222 1
0.51062 0.55091 1
0.74471 0.51276 1
0.4077 0.25859 1
0.60669 0.53684 1
0.4399 0.60026 1
0.52478 0.59005 1
0.5808 0.53775 1
0.46661 0.52213 1
0.55269 0.56824 1
0.56407 0.48956 1
0.70777 0.60914 1
0.44618 0.34562 1
0.64235 0.43935 1
0.53754 0.29611 1
0.51446 0.27572 1
0.57427 0.50012 1
0.53757 0.31593 1
0.48826 0.62715 1
0.5161 0.56205 1
0.47141 0.54827 1
0.69394 0.4479 1
0.75366 0.44449 1
0.56737 0.54115 1
0.47239 0.66301 1
0.55494 0.26965 1
0.59809 0.52725 1
0.55605 0.4401 1
0.55821 0.56897 1
0.31028 0.5897 1
0.53965 0.28685 1
0.45949 0.39302 1
0.28462 0.49348 1
0.48668 0.58788 1
0.48534 0.33384 1
0.61408 0.41159 1
0.52371 0.48562 1
0.60162 0.63133 1
0.38065 0.59373 1
0.37847 0.47903 1
0.12716 0.49188 1
0.28715 0.3955 1
0.5276 0.46216 1
0.26919 0.38679 1
0.86562 0.48758 1
0.47699 0.42611 1
0.35195 0.37038 1
0.60057 0.49898 1
0.44985 0.48636 1
0.4667 0.39152 1
0.55912 0.58137 1
0.69069 0.43561 1
0.47698 0.39638 1
0.63585 0.4836 1
0.45407 0.46881 1
0.59487 0.45345 1
0.76673 0.27439 1
0.70016 0.57753 1
0.4907 0.43856 1
0.43316 0.52352 1
0.2283 0.49751 1
0.45903 0.55897 1
0.34264 0.54244 1
0.56504 0.47566 1
0.61887 0.64652 1
0.61061 0.68201 1
0.59108 0.44565 1
0.73066 0.50127 1
0.37804 0.63187 1
0.61607 0.49726 1
0.69584 0.7306 1
0.53777 0.70111 1
0.29526 0.44707 1
0.59165 0.49432 1
0.62695 0.27736 1
0.36185 0.43812 1
0.44394 0.49227 1
0.46334 0.42854 1
0.52837 0.47905 1
0.53258 0.44081 1
0.53737 0.65029 1
0.50304 0.58835 1
0.51492 0.37075 1
0.45598 0.48115 1
0.47446 0.79479 1
0.44476 0.58405 1
0.79653 0.60916 1
0.29988 0.57472 1
0.38316 0.65712 1
0.52439 0.41162 1
0.40457 0.58961 1
0.52729 0.24661 1
0.57757 0.5069 1
0.52954 0.56256 1
0.60687 0.53848 1
0.46596 0.47865 1
0.78318 0.49274 1
0.61454 0.29316 1
0.65485 0.36885 1
0.31407 0.51921 1
0.7982 0.54888 1
0.39994 0.4075 1
0.54365 0.57315 1
0.50964 0.44218 1
0.5616 0.56238 1
0.41195 0.33718 1
0.69922 0.70154 1
0.75375 0.56514 1
0.63143 0.36049 1
0.49288 0.61509 1
0.38097 0.5086 1
0.60462 0.46107 1
0.41824 0.56202 1
0.5394 0.64048 1
0.67028 0.30265 1
0.35427 0.46376 1
0.58913 0.32443 1
0.58325 0.51732 1
0.22678 0.61905 1
0.52288 0.34522 1
0.49632 0.68957 1
0.42245 0.1327 1
0.47017 0.64472 1
0.37776 0.51617 1
0.55536 0.41786 1
0.51207 0.68716 1
0.27767 0.52615 1
0.68518 0.30593 1
0.45421 0.6779 1
0.80047 0.52126 1
0.51509 0.47251 1
0.64637 0.36293 1
0.57305 0.53739 1
0.67533 0.49194 1
0.51369 0.40914 1
0.43666 0.45079 1
0.47077 0.52328 1
0.53605 0.30224 1
0.52605 0.38211 1
0.51687 0.45325 1
0.64829 0.30902 1
0.53971 0.42292 1
0.57152 0.60787 1
0.3885 0.67779 1
0.60482 0.51757 1
0.69377 0.33505 1
0.59043 0.48191 1
0.44384 0.33574 1
0.40241 0.42599 1
0.41956 0.48723 1
0.36519 0.55799 1
0.61777 0.59683 1
0.51717 0.15065 1
0.57414 0.49443 1
0.45863 0.22766 1
0.71269 0.4225 1
0.5394 0.57923 1
0.44352 0.56214 1
0.63391 0.51836 1
0.44309 0.3663 1
0.48039 0.44584 1
0.59016 0.48097 1
0.45825 0.37958 1
0.39522 0.29261 1
0.53246 0.53129 1
0.44634 0.35926 1
0.5101 0.45193 1
0.54129 0.30547 1
0.51744 0.42952 1
0.46113 0.71629 1
0.30142 0.48548 1
0.41328 0.49436 1
0.62022 0.33016 1
0.39889 0.56535 1
0.6921 0.33696 1
0.68189 0.4566 1
0.41996 0.44122 1
0.7284 0.34459 1
0.52397 0.54959 1
0.59514 0.35561 1
0.52162 0.48931 1
0.37922 0.3753 1
0.57678 0.49549 1
0.51579 0.63785 1
0.53134 0.60308 1
0.42027 0.34875 1
0.54463 0.38468 1
0.61317 0.53523 1
0.49833 0.48125 1
0.91824 0.33384 1
0.42312 0.60305 1
0.56966 0.44171 1
0.51143 0.41379 1
0.33028 0.43489 1
0.31126 0.53517 1
0.4008 0.44944 1
0.35647 0.72037 1
0.35684 0.5646 1
0.58811 0.33163 1
0.53951 0.62721 1
0.66835 0.25627 1
0.61757 0.57163 1
0.50153 0.32664 1
0.41976 0.59657 1
0.55908 0.38803 1
0.5963 0.32961 1
0.63839 0.51084 1
0.59635 0.46413 1
0.63743 0.58304 1
0.68606 0.45821 1
0.80202 0.48104 1
0.43399 0.58064 1
0.47502 0.48528 1
0.40199 0.60293 1
0.58318 0.35665 1
0.54485 0.49243 1
0.40496 0.41119 1
0.55745 0.35496 1
0.71949 0.58955 1
0.48831 0.66257 1
0.40451 0.26059 1
0.36917 0.61698 1
0.47215 0.36236 1
0.80443 0.45487 1
0.61194 0.27774 1
0.21081 0.52475 1
0.50383 0.48022 1
0.44215 0.36361 1
0.71022 0.5863 1
0.64305 0.49423 1
0.53812 0.41298 1
0.71063 0.39104 1
0.44786 0.59504 1
0.59811 0.40687 1
0.44437 0.50377 1
0.63445 0.34218 1
0.55221 0.60488 1
0.56266 0.57796 1
0.69439 0.57787 1
0.61968 0.6028 1
0.58879 0.39808 1
0.57977 0.45107 1
0.49071 0.59493 1
0.4449 0.61749 1
0.59971 0.40429 1
0.75876 0.48473 1
0.50897 0.43023 1
0.59042 0.27399 1
0.35938 0.37943 1
0.29872 0.46197 1
0.46955 0.64398 1
0.62871 0.38496 1
0.67013 0.51575 1
0.48524 0.47034 1
0.51155 0.2487 1
0.49261 0.75169 1
0.57681 0.26593 1
0.55738 0.28112 1
0.50848 0.25487 1
0.34363 0.40673 1
0.47191 0.47905 1
0.44499 0.27982 1
0.66396 0.23875 1
0.49991 0.52815 1
0.46126 0.48283 1
0.48083 0.3288 1
0.42036 0.49059 1
0.56576 0.47956 1
0.45881 0.61794 1
0.54499 0.42551 1
0.39721 0.3322 1
0.73361 0.35293 1
0.39375 0.51552 1
0.47055 0.68164 1
0.39786 0.61025 1
0.44706 0.51578 1
0.45772 0.46707 1
0.39707 0.29826 1
0.33493 0.42334 1
0.48694 0.56536 1
0.50934 0.24099 1
0.52442 0.49731 1
0.61721 0.2131 1
0.55308 0.44962 1
0.45242 0.60278 1
0.5023 0.34126 1
0.54904 0.4568 1
0.7896 0.58954 1
0.53774 0.6105 1
0.70132 0.27271 1
0.46459 0.41433 1
0.49073 0.66828 1
0.65986 0.36359 1
0.43718 0.61628 1
0.60452 0.58758 1
0.2695 0.42124 1
0.5235 0.45999 1
0.73101 0.63441 1
0.53356 0.48895 1
0.70127 0.45728 1
0.67384 0.35322 1
0.5844 0.48505 1
0.46151 0.38267 1
0.66197 0.47968 1
0.70021 0.39022 1
0.45454 0.48101 1
0.52125 0.61278 1
0.29807 0.62008 1
0.47376 0.66016 1
0.55224 0.58778 1
0.46155 0.6872 1
0.5928 0.54496 1
0.36525 0.52431 1
0.39372 0.48844 1
0.76661 0.63946 1
0.57642 0.38491 1
0.45838 0.41703 1
0.53918 0.75057 1
0.51796 0.65783 1
0.65225 0.24886 1
0.56727 0.40524 1
0.59689 0.68228 1
0.654 0.41337 1
0.39768 0.80402 1
0.55326 0.53624 1
0.46126 0.37441 1
0.59723 0.55869 1
0.49387 0.40956 1
0.49904 0.54403 1
0.56971 0.48878 1
0.58258 0.54439 1
0.62403 0.51646 1
0.64695 0.6775 1
0.65611 0.3564 1
0.73012 0.39255 1
0.40375 0.45114 1
0.32726 0.44576 1
0.69468 0.48649 1
0.33336 0.45588 1
0.37452 0.29902 1
0.56529 0.59091 1
0.74021 0.59211 1
0.63197 0.5551 1
0.43895 0.47642 1
0.533 0.40098 1
0.4719 0.33094 1
0.67045 0.62863 1
0.30543 0.6715 1
0.51483 0.4279 1
0.38862 0.7495 1
0.66527 0.22214 1
0.65127 0.30332 1
0.68401 0.60973 1
0.44661 0.37955 1
0.43409 0.63959 1
0.22139 0.40827 1
0.83667 0.3349 1
0.3585 0.29364 1
0.50058 0.43627 1
0.60704 0.3272 1
0.55159 0.49479 1
0.63775 0.29542 1
0.705 0.55134 1
0.70356 0.55957 1
0.34298 0.60597 1
0.35046 0.29557 1
0.53563 0.40832 1
0.46691 0.33113 1
0.37137 0.38274 1
0.66135 0.55724 1
0.59366 0.54757 1
0.58929 0.44733 1
0.47058 0.51822 1
0.58148 0.39637 1
0.60469 0.32154 1
0.53351 0.34343 1
0.54811 0.54971 1
0.54029 0.22227 1
0.60177 0.59486 1
0.60335 0.43499 1
0.69627 0.15859 1
0.58118 0.45499 1
0.51777 0.58817 1
0.46024 0.52917 1
0.16733 0.5099 1
0.61454 0.42608 1
0.52072 0.34097 1
0.31272 0.6131 1
0.76258 0.51064 1
0.56656 0.701 1
0.59649 0.41235 1
0.52626 0.61519 1
0.54383 0.56365 1
0.29975 0.30471 1
0.34623 0.19182 1
0.47258 0.23069 1
0.37073 0.42424 1
0.38547 0.61554 1
0.42055 0.40853 1
0.62296 0.36349 1
0.43058 0.49057 1
0.51532 0.3616 1
0.50141 0.55418 1
0.52665 0.25129 1
0.63072 0.26222 1
0.4026 0.55273 1
0.41272 0.3216 1
0.47932 0.48166 1
0.64464 0.69724 1
0.58682 0.45903 1
0.4391 0.35823 1
0.72094 0.50049 1
0.54379 0.33888 1
0.72941 0.29218 1
0.37635 0.46802 1
0.54886 0.36959 1
0.66289 0.38659 1
0.45433 0.17206 1
0.59136 0.48119 1
0.50435 0.54927 1
0.43881 0.31365 1
0.6531 0.25858 1
0.55399 0.3381 1
0.26007 0.6795 1
0.49234 0.62926 1
0.59199 0.74631 1
0.3102 0.3039 1
0.40156 0.53273 1
0.71603 0.56211 1
0.52062 0.40209 1
0.59625 0.37927 1
0.86564 0.41153 1
0.64319 0.5108 1
0.5974 0.60024 1
0.55464 0.65191 1
0.61062 0.64235 1
0.4994 0.47237 1
0.70828 0.47557 1
0.50805 0.54812 1
0.5748 0.33159 1
0.48774 0.35149 1
0.51467 0.425 1
0.38367 0.57138 1
0.6137 0.44976 1
0.46847 0.57427 1
0.69137 0.46703 1
0.54356 0.35527 1
0.35956 0.41958 1
0.465 0.55898 1
0.82759 0.60505 1
0.52081 0.42164 1
0.66027 0.33642 1
0.22105 0.48637 1
0.39983 0.48791 1
0.43201 0.29621 1
0.81069 0.61159 1
0.49816 0.51367 1
0.3458 0.40808 1
0.57436 0.44302 1
0.36688 0.37534 1
0.4707 0.55674 1
0.45906 0.52849 1
0.64583 0.46877 1
0.35845 0.46709 1
0.53221 0.22988 1
0.66879 0.41444 1
0.49476 0.58336 1
0.42296 0.64281 1
0.67648 0.47596 1
0.49772 0.49121 1
0.47195 0.64855 1
0.64156 0.52616 1
0.53329 0.3086 1
0.47071 0.60589 1
0.59952 0.27754 1
0.72333 0.26802 1
0.48505 0.14803 1
0.62178 0.29153 1
0.34252 0.46402 1
0.45266 0.61496 1
0.73024 0.42898 1
0.45912 0.38079 1
0.56974 0.52829 1
0.43245 0.2907 1
0.31422 0.11169 1
0.48201 0.25681 1
0.27663 0.49994 1
0.19347 0.55763 1
0.35408 0.61075 1
0.44946 0.49639 1
0.66905 0.53106 1
0.62296 0.54216 1
0.61451 0.23856 1
0.38664 0.61952 1
0.61692 0.30533 1
0.52582 0.42161 1
0.51737 0.82542 1
0.63842 0.67376 1
0.55732 0.40344 1
0.71401 0.50105 1
0.59334 0.28717 1
0.54912 0.5422 1
0.31316 0.50414 1
0.44788 0.50211 1
0.6838 0.50587 1
0.66573 0.26543 1
0.68963 0.5698 1
0.52549 0.33648 1
0.5373 0.57589 1
0.42649 0.5742 1
0.27414 0.43398 1
0.70319 0.4042 1
0.45905 0.32451 1
0.51148 0.39303 1
0.55274 0.36683 1
0.50311 0.61545 1
0.55422 0.2469 1
0.60994 0.42076 1
0.65964 0.46121 1
0.5133 0.43514 1
0.61222 0.3773 1
0.45285 0.41093 1
0.54173 0.3723 1
0.46977 0.60551 1
0.57737 0.33799 1
0.30615 0.23035 1
0.34904 0.52096 1
0.44364 0.35695 1
0.52513 0.46798 1
0.65778 0.58928 1
0.50964 0.4787 1
0.58549 0.26179 1
0.67894 0.64875 1
0.544 0.38835 1
0.59206 0.35271 1
0.60117 0.46675 1
0.56422 0.35008 1
0.66876 0.577 1
0.63169 0.6399 1
0.66925 0.44006 1
0.59224 0.27633 1
0.30101 0.52155 1
0.43467 0.36048 1
0.56625 0.47207 1
0.49738 0.56696 1
0.59509 0.44116 1
0.38709 0.39151 1
0.63805 0.46986 1
0.60419 0.35901 1
0.63887 0.25589 1
0.4449 0.32851 1
0.55094 0.49743 1
0.55169 0.61047 1
0.41721 0.44513 1
0.47585 0.63769 1
0.60202 0.53631 1
0.46028 0.18336 1
0.74641 0.42401 1
0.37678 0.298 1
0.72811 0.37285 1
0.58769 0.44144 1
0.39953 0.51363 1
0.37787 0.44318 1
0.65943 0.63388 1
0.38891 0.48093 1
0.62858 0.44273 1
0.64991 0.71805 1
0.62842 0.54865 1
0.34687 0.54601 1
0.64815 0.64658 1
0.58955 0.53647 1
0.21185 0.24876 1
0.57789 0.51284 1
0.37099 0.45294 1
0.56614 0.44838 1
0.3787 0.58657 1
0.28604 0.33462 1
0.58093 0.32764 1
0.69701 0.66196 1
0.57397 0.31564 1
0.42041 0.4614 1
0.30938 0.47464 1
0.64202 0.72188 1
0.3526 0.58366 1
0.52507 0.47719 1
0.58973 0.47906 1
0.55096 0.35095 1
0.56024 0.5959 1
0.53872 0.3494 1
0.43647 0.499 1
0.49446 0.19847 1
0.59056 0.4464 1
0.68508 0.24404 1
0.40028 0.32232 1
0.58036 0.37131 1
0.24901 0.50968 1
0.50418 0.61903 1
0.52002 0.46788 1
0.43924 0.26681 1
0.46626 0.11033 1
0.592 0.56909 1
0.43298 0.41255 1
0.31129 0.45971 1
0.6706 0.49444 1
0.52847 0.60298 1
0.53231 0.48847 1
0.46299 0.58566 1
0.30633 0.32813 1
0.60817 0.39712 1
0.49386 0.30998 1
0.39086 0.47212 1
0.4799 0.45189 1
0.57739 0.42903 1
0.47153 0.25328 1
0.43121 0.47656 1
0.46037 0.46277 1
0.56315 0.35454 1
0.62606 0.64305 1
0.36526 0.44012 1
0.46182 0.40265 1
0.43287 0.54564 1
0.46103 0.82218 1
0.54871 0.43622 1
0.52262 0.45012 1
0.75125 0.37555 1
0.47114 0.538 1
0.31568 0.51699 1
0.55315 0.57367 1
0.35675 0.34535 1
0.52191 0.57439 1
0.75229 0.51478 1
0.50167 0.38271 1
0.28853 0.53414 1
0.47043 0.47486 1
0.70325 0.38427 1
0.29594 0.61684 1
0.48369 0.63963 1
0.68879 0.56544 1
0.6202 0.39813 1
0.60569 0.4129 1
0.32546 0.39646 1
0.49875 0.58 1
0.41451 0.55559 1
0.81329 0.59135 1
0.67702 0.37938 1
0.4548 0.46986 1
0.64932 0.30636 1
0.3719 0.22401 1
0.6967 0.60523 1
0.58554 0.47124 1
0.57034 0.92985 1
0.32782 0.44345 1
0.64425 0.22859 1
0.60628 0.39377 1
0.59506 0.3091 1
0.4942 0.39579 1
0.47343 0.5595 1
0.76832 0.4952 1
0.49379 0.44704 1
0.81549 0.549 1
0.38442 0.34836 1
0.65375 0.6489 1
0.49024 0.66897 1
0.42478 0.7696 1
0.72079 0.44632 1
0.51259 0.5659 1
0.57601 0.43095 1
0.45838 0.45055 1
0.30855 0.58223 1
0.29047 0.66596 1
0.6318 0.46013 1
0.18066 0.53696 1
0.54823 0.42003 1
0.4118 0.46357 1
0.68573 0.69036 1
0.60287 0.76322 1
0.53038 0.49039 1
0.33382 0.45584 1
0.43441 0.38723 1
0.59078 0.27376 1
0.46162 0.13452 1
0.46249 0.45702 1
0.57728 0.38249 1
0.54512 0.42679 1
0.66764 0.51178 1
0.48419 0.45516 1
0.30282 0.56757 1
0.80848 0.30232 1
0.37529 0.41634 1
0.5541 0.44436 1
0.45127 0.40869 1
0.35782 0.2037 1
0.46347 0.42368 1
0.56242 0.34264 1
0.77613 0.67075 1
0.53799 0.34934 1
0.57087 0.53845 1
0.71492 0.44219 1
0.45245 0.40169 1
0.46066 0.41884 1
0.6213 0.56355 1
0.78475 0.43858 1
0.41144 0.22162 1
0.45546 0.41487 1
0.69152 0.37646 1
0.34428 0.49983 1
0.39117 0.6096 1
0.68689 0.50274 1
0.42651 0.2816 1
0.56728 0.52794 1
0.42236 0.70862 1
0.63187 0.31596 1
0.54105 0.37713 1
0.51706 0.34217 1
0.74098 0.44638 1
0.57747 0.42638 1
0.31548 0.48052 1
0.47048 0.49997 1
0.65384 0.71684 1
0.63459 0.63047 1
0.64538 0.27666 1
0.53079 0.40473 1
0.43484 0.31823 1
0.71169 0.51427 1
0.67594 0.47378 1
0.60413 0.07083 1
0.65108 0.72923 1
0.63451 0.56095 1
0.59176 0.48844 1
0.73199 0.19876 1
0.7168 0.51692 1
0.55659 0.42039 1
0.51006 0.47029 1
0.58731 0.41799 1
0.55847 0.37691 1
0.54406 0.51541 1
0.56252 0.49623 1
0.57129 0.67805 1
0.44419 0.44333 1
0.88182 0.24831 1
0.55239 0.19796 1
0.48287 0.36669 1
0.56157 0.46058 1
0.53637 0.21953 1
0.60646 0.67593 1
0.77616 0.46925 1
0.29273 0.35839 1
0.67911 0.31622 1
0.36741 0.35879 1
0.35803 0.38071 1
0.50599 0.32961 1
0.41518 0.40595 1
0.65381 0.30113 1
0.46425 0.91261 1
0.58919 0.40343 1
1.0 0.62057 1
0.38471 0.40567 1
0.75095 0.41792 1
0.5153 0.54269 1
0.55455 0.45009 1
0.25492 0.65546 1
0.37654 0.48691 1
0.61007 0.10476 1
0.64653 0.66539 1
0.53617 0.56958 1
0.54794 0.4408 1
0.61221 0.45709 1
0.60692 0.62312 1
0.42548 0.47279 1
0.40231 0.55557 1
0.4622 0.62123 1
0.32573 0.50725 1
0.58307 0.4938 1
0.44702 0.34593 1
0.6332 0.42269 1
0.59273 0.12807 1
0.5237 0.63282 1
0.55194 0.31717 1
0.40029 0.43034 1
0.4983 0.30008 1
0.4186 0.50029 1
0.70935 0.60902 1
0.50604 0.54136 1
0.71781 0.48286 1
0.53765 0.48803 1
0.27072 0.44849 1
0.52346 0.45885 1
0.60699 0.54873 1
0.33642 0.46517 1
0.49828 0.39778 1
0.49571 0.19083 1
0.7178 0.39553 1
0.6433 0.35073 1
0.56779 0.63635 1
0.7184 0.43893 1
0.62313 0.49172 1
0.61923 0.6345 1
0.50582 0.5193 1
0.55252 0.55244 1
0.41573 0.69178 1
0.63846 0.48708 1
0.41802 0.34703 1
0.52354 0.45028 1
0.54341 0.63907 1
0.5477 0.20268 1
0.63454 0.36949 1
0.70219 0.43727 1
0.39197 0.39074 1
0.66471 0.17909 1
0.40611 0.46119 1
0.4928 0.37473 1
0.16152 0.3814 1
0.56314 0.51548 1
0.47443 0.59069 1
0.43911 0.37937 1
0.5877 0.51797 1
0.60784 0.47305 1
0.4888 0.42402 1
0.48869 0.32663 1
0.14523 0.51458 1
0.459 0.55521 1
0.65672 0.61604 1
0.43969 0.4017 1
0.60648 0.47245 1
0.68738 0.50813 1
0.6289 0.56362 1
0.5477 0.23177 1
0.67512 0.49594 1
0.30718 0.50249 1
0.51728 0.54405 1
0.37838 0.29297 1
0.67584 0.65601 1
0.78196 0.29013 1
0.35345 0.54958 1
0.6503 0.72441 1
0.59334 0.30405 1
0.43076 0.52168 1
0.48814 0.5885 1
0.6316 0.4167 1
0.54664 0.51542 1
0.4773 0.21716 1
0.44741 0.75015 1
0.69492 0.23651 1
0.51672 0.35463 1
0.69854 0.39869 1
0.48058 0.33323 1
0.53058 0.41141 1
0.448 0.46112 1
0.47317 0.77921 1
0.32918 0.35752 1
0.41379 0.57571 1
0.45787 0.67133 1
0.53508 0.31534 1
0.39628 0.4978 1
0.53629 0.4659 1
0.46288 0.61825 1
0.45925 0.37918 1
0.48723 0.37588 1
0.44801 0.63599 1
0.55945 0.43387 1
0.62638 0.52148 1
0.74922 0.18805 1
0.57449 0.45901 1
0.4682 0.58101 1
0.68355 0.39528 1
0.47347 0.59591 1
0.49134 0.62316 1
0.49564 0.43955 1
0.55904 0.46324 1
0.45121 0.49179 1
0.57293 0.31053 1
0.58859 0.47398 1
0.62801 0.37327 1
0.23158 0.31623 1
0.68475 0.72175 1
0.61147 0.41264 1
0.45007 0.57544 1
0.47415 0.28334 1
0.39334 0.54163 1
0.342 0.52589 1
0.51209 0.44903 1
0.52208 0.46774 1
0.34901 0.31146 1
0.46822 0.28429 1
0.40582 0.23871 1
0.56221 0.62615 1
0.48942 0.29069 1
0.22145 0.49808 1
0.5315 0.47311 1
0.55928 0.61756 1
0.73069 0.67234 1
0.57164 0.42013 1
0.56963 0.44652 1
0.77961 0.54841 1
0.45819 0.41471 1
0.5076 0.64233 1
0.45539 0.33431 1
0.33586 0.30229 1
0.81601 0.40634 1
0.55927 0.6488 1
0.44523 0.52531 1
0.59272 0.49015 1
0.73312 0.53292 1
0.51137 0.75164 1
0.62548 0.86004 1
0.52108 0.52953 1
0.46902 0.49496 1
0.45778 0.51546 1
0.40975 0.4514 1
0.62905 0.47553 1
0.26661 0.39945 1
0.6394 0.56651 1
0.69535 0.54446 1
0.63641 0.43824 1
0.66325 0.53518 1
0.63853 0.56439 1
0.56912 0.21092 1
0.34806 0.48554 1
0.52063 0.62121 1
0.66364 0.4139 1
0.70294 0.34921 1
0.74758 0.48446 1
0.48382 0.44393 1
0.57946 0.42174 1
0.72792 0.30898 1
0.44046 0.65508 1
0.49979 0.56433 1
0.66571 0.25178 1
0.39457 0.37434 1
0.30216 0.6963 1
0.69222 0.47272 1
0.32006 0.56067 1
0.44054 0.65565 1
0.6358 0.61827 1
0.68473 0.55091 1
0.56151 0.5079 1
0.30468 0.26749 1
0.63531 0.61107 1
0.25428 0.26656 1
0.49337 0.41111 1
0.77709 0.54719 1
0.52501 0.38608 1
0.52698 0.53308 1
0.4848 0.29794 1
0.70767 0.57088 1
0.80604 0.38028 1
0.43829 0.39542 1
0.35173 0.3234 1
0.48474 0.26174 1
0.53909 0.6147 1
0.45943 0.56602 1
0.39341 0.3365 1
0.34679 0.3359 1
0.2794 0.37092 1
0.52372 0.5704 1
0.44911 0.45093 1
0.43796 0.54343 1
0.50662 0.51566 1
0.52635 0.46587 1
0.73059 0.52945 1
0.65962 0.50794 1
0.28497 0.46239 1
0.50268 0.44831 1
0.41555 0.43929 1
0.4266 0.64045 1
0.3986 0.55524 1
0.40787 0.36801 1
0.24352 0.68203 1
0.37019 0.34034 1
0.4835 0.71707 1
0.50466 0.41174 1
0.43898 0.40273 1
0.58542 0.42521 1
0.51774 0.52068 1
0.48472 0.5034 1
0.75119 0.5456 1
0.36613 0.55343 1
0.39664 0.38054 1
0.60545 0.55076 1
0.17152 0.46636 1
0.53971 0.23844 1
0.43653 0.63843 1
0.64837 0.35672 1
0.49812 0.29998 1
0.53061 0.53397 1
0.51898 0.43717 1
0.60174 0.35601 1
0.61401 0.56323 1
0.61565 0.6118 1
0.55111 0.3827 1
0.30795 0.47672 1
0.60563 0.44206 1
0.63866 0.44397 1
0.70286 0.57914 1
0.68689 0.39955 1
0.64825 0.58353 1
0.77016 0.25944 1
0.60547 0.43157 1
0.47067 0.51944 1
0.48046 0.41691 1
0.6496 0.45334 1
0.61894 0.44276 1
0.44799 0.33016 1
0.79389 0.23689 1
0.43621 0.43212 1
0.2622 0.50004 1
0.5035 0.57625 1
0.44597 0.2113 1
0.58574 0.54601 1
0.36427 0.47941 1
0.4661 0.47173 1
0.50022 0.65305 1
0.50016 0.43827 1
0.76163 0.5216 1
0.49201 0.41584 1
0.48987 0.36921 1
0.80066 0.52757 1
0.54814 0.3731 1
0.42017 0.52589 1
0.6012 0.47998 1
0.52683 0.22688 1
0.70667 0.33974 1
0.57375 0.37462 1
0.6046 0.25721 1
0.68963 0.70096 1
0.48709 0.60699 1
0.66166 0.38721 1
0.31703 0.63019 1
0.5777 0.3656 1
0.50076 0.56002 1
0.42955 0.51969 1
0.48637 0.48511 1
0.78005 0.33188 1
0.26617 0.29189 1
0.48487 0.62679 1
0.19393 0.37182 1
0.42773 0.55915 1
0.45809 0.41787 1
0.3883 0.58004 1
0.79892 0.26415 1
0.55677 0.42031 1
0.37301 0.37204 1
0.46635 0.39302 1
0.39307 0.67039 1
0.39575 0.35361 1
0.56731 0.53499 1
0.31253 0.64113 1
0.46576 0.51694 1
0.83256 0.69695 1
0.56625 0.36573 1
0.65209 0.36663 1
0.69324 0.37272 1
0.7388 0.49727 1
0.44849 0.40857 1
0.53852 0.37126 1
0.48432 0.47846 1
0.47432 0.42749 1
0.47639 0.46649 1
0.22423 0.51422 1
0.61044 0.53368 1
0.41829 0.15347 1
0.44552 0.23631 1
0.49558 0.72284 1
0.64091 0.46385 1
0.55677 0.24681 1
0.33754 0.47382 1
0.43929 0.4181 1
0.40877 0.49064 1
0.53866 0.6104 1
0.81647 0.60063 1
0.57917 0.49842 1
0.53869 0.18582 1
0.70218 0.51226 1
0.54269 0.37969 1
0.56854 0.49113 1
0.55427 0.22391 1
0.55633 0.48021 1
0.72644 0.71422 1
0.61704 0.54659 1
0.64223 0.47697 1
0.39873 0.1683 1
0.47404 0.48672 1
0.61128 0.37942 1
0.48692 0.64147 1
0.28294 0.29975 1
0.64698 0.39111 1
0.61442 0.51074 1
0.51047 0.31362 1
0.38031 0.31042 1
0.66238 0.59993 1
0.30906 0.52217 1
0.43406 0.29022 1
0.75205 0.33647 1
0.39997 0.27768 1
0.5611 0.32465 1
0.7293 0.31613 1
0.66561 0.42686 1
0.55886 0.36997 1
0.71708 0.68389 1
0.63744 0.6584 1
0.57094 0.36762 1
0.46524 0.60874 1
0.59039 0.41955 1
0.72934 0.23379 1
0.3984 0.5373 1
0.37327 0.62441 1
0.59629 0.4823 1
0.54362 0.43425 1
0.6204 0.24297 1
0.60458 0.42527 1
0.40796 0.54513 1
0.40918 0.62577 1
0.51827 0.25996 1
0.43923 0.52234 1
0.54051 0.46302 1
0.46807 0.54711 1
0.44893 0.52655 1
0.30218 0.42193 1
0.71545 0.29383 1
0.52541 0.48768 1
0.48025 0.54223 1
0.41243 0.53571 1
0.57602 0.31257 1
0.0 0.53536 1
0.56794 0.59834 1
0.65778 0.68151 1
0.50721 0.38399 1
0.60828 0.60175 1
0.49894 0.46578 1
0.681 0.62637 1
0.65157 0.42649 1
0.76553 0.29134 1
0.55437 0.75399 1
0.55756 0.54218 1
0.51556 0.52688 1
0.58057 0.52348 1
0.35451 0.48365 1
0.44724 0.48198 1
0.27468 0.58481 1
0.50274 0.56659 1
0.48819 0.26722 1
0.74675 0.72191 1
0.58167 0.55501 1
0.67191 0.56401 1
0.32705 0.41876 1
0.54083 0.41365 1
0.62294 0.20364 1
0.45666 0.56848 1
0.61368 0.38313 1
0.75443 0.44065 1
0.32073 0.65135 1
0.26633 0.42208 1
0.53499 0.3443 1
0.51512 0.52727 1
0.49773 0.5116 1
0.34399 0.44672 1
0.27345 0.71116 1
0.60478 0.5512 1
0.46816 0.5263 1
0.61751 0.31287 1
0.49214 0.24023 1
0.56045 0.34832 1
0.35592 0.63297 1
0.61131 0.31222 1
0.64704 0.50201 1
0.65247 0.2865 1
0.77439 0.37252 1
0.59127 0.33482 1
0.40102 0.49741 1
0.22424 0.51957 1
0.62108 0.45384 1
0.48644 0.46905 1
0.4109 0.59178 1
0.54419 0.28911 1
0.49397 0.42094 1
0.82263 0.43896 1
0.51434 0.29986 1
0.68236 0.54099 1
0.48952 0.49205 1
0.47132 0.59046 1
0.51004 0.29478 1
0.40157 0.53619 1
0.38371 0.51525 1
0.58931 0.60114 1
0.53501 0.31548 1
0.47778 0.42119 1
0.41123 0.45175 1
0.54682 0.47139 1
0.37631 0.5038 1
0.42375 0.24909 1
0.77163 0.54938 1
0.58363 0.54822 1
0.53988 0.49903 1
0.49781 0.3863 1
0.5708 0.28065 1
0.62592 0.41313 1
0.35915 0.35877 1
0.50748 0.0682 1
0.485 0.39942 1
0.72721 0.39101 1
0.47449 0.38715 1
0.64182 0.54031 1
0.58209 0.40761 1
0.48277 0.6834 1
0.55346 0.48295 1
0.55356 0.55114 1
0.52921 0.53244 1
0.49363 0.13704 1
0.59411 0.57113 1
0.51452 0.4767 1
0.3225 0.3611 1
0.45984 0.54236 1
0.67582 0.29242 1
0.45271 0.31421 1
0.65207 0.43556 1
0.35555 0.48716 1
0.4982 0.663 1
0.37878 0.49171 1
0.37046 0.48581 1
0.39159 0.32161 1
0.63064 0.62244 1
0.56084 0.33986 1
0.61079 0.45501 1
0.40834 0.30154 1
0.5395 0.54947 1
0.2133 0.36767 1
0.53063 0.55728 1
0.52567 0.40521 1
0.55047 0.39496 1
0.39713 0.47991 1
0.48104 0.56094 1
0.5525 0.40015 1
0.53462 0.5879 1
0.42698 0.62046 1
0.66052 0.54997 1
0.35513 0.69001 1
0.77374 0.60843 1
0.41977 0.67321 1
0.53478 0.2285 1
0.44206 0.4938 1
0.41686 0.47183 1
0.56883 0.38597 1
0.41993 0.67466 1
0.47368 0.44213 1
0.30982 0.32052 1
0.5857 0.54205 1
0.19917 0.44879 1
0.43898 0.50195 1
0.67662 0.54066 1
0.56581 0.40724 1
0.51773 0.449 1
0.47732 0.59024 1
0.44135 0.28888 1
0.28792 0.49262 1
0.47141 0.46355 1
0.33846 0.56899 1
0.62317 0.31333 1
0.40191 0.51569 1
0.62105 0.49029 1
0.52491 0.48225 1
0.40156 0.30545 1
0.6431 0.24502 1
0.29948 0.48212 1
0.44052 0.37599 1
0.38203 0.45374 1
0.40178 0.33551 1
0.42227 0.58158 1
0.45838 0.7334 1
0.34826 0.47314 1
0.57179 0.33097 1
0.51378 0.44354 1
0.56264 0.38336 1
0.50439 0.35422 1
0.68588 0.40179 1
0.52648 0.593 1
0.38378 0.0724 1
0.37522 0.41147 1
0.49971 0.40753 1
0.6927 0.42556 1
0.49774 0.49469 1
0.59347 0.46816 1
0.37762 0.36017 1
0.4285 0.48238 1
0.69111 0.33438 1
0.45566 0.60617 1
0.59686 0.72768 1
0.70744 0.52903 1
0.58549 0.30438 1
0.70675 0.60671 1
0.62879 0.36626 1
0.50466 0.50827 1
0.45342 0.29684 1
0.6091 0.39239 1
0.66855 0.39773 1
0.16031 0.16578 1
0.60485 0.17843 1
0.61718 0.45942 1
0.75203 0.85157 1
0.58032 0.51731 1
0.51357 0.74315 1
0.55497 0.74798 1
0.75002 0.30643 1
0.51762 0.5338 1
0.48434 0.34083 1
0.45506 0.54673 1
0.27666 0.43835 1
0.49748 0.35453 1
0.43106 0.22428 1
0.30667 0.37381 1
0.44859 0.47097 1
0.51991 0.30153 1
0.45339 0.30711 1
0.45936 0.50905 1
0.67904 0.28326 1
0.71871 0.52573 1
0.26492 0.318 1
0.72741 0.58084 1
0.60769 0.60632 1
0.30708 0.36705 1
0.42556 0.48434 1
0.51288 0.39287 1
0.53599 0.14328 1
0.42195 0.66637 1
0.37683 0.1677 1
0.48986 0.2546 1
0.59091 0.35277 1
0.42526 0.24022 1
0.67471 0.33436 1
0.53601 0.34764 1
0.4519 0.43971 1
0.47654 0.42516 1
0.47307 0.41425 1
0.53496 0.30271 1
0.52554 0.48786 1
0.61966 0.4635 1
0.5476 0.56053 1
0.43182 0.46796 1
0.66442 0.39124 1
0.61603 0.44149 1
0.47817 0.34785 1
0.59283 0.48167 1
0.61567 0.40584 1
0.51993 0.27645 1
0.51605 0.65957 1
0.56718 0.46582 1
0.5628 0.4283 1
0.4706 0.44819 1
0.61982 0.56919 1
0.72796 0.64452 1
0.51159 0.47716 1
0.50257 0.45745 1
0.27124 0.56155 1
0.46094 0.5661 1
0.22509 0.38625 1
0.54749 0.33799 1
0.68198 0.42593 1
0.41371 0.36312 1
0.4954 0.48678 1
0.30856 0.60114 1
0.43994 0.52854 1
0.50546 0.5131 1
0.49598 0.43774 1
0.50063 0.69535 1
0.5949 0.33268 1
0.59619 0.13365 1
0.48865 0.43186 1
0.59608 0.4014 1
0.4676 0.47257 1
0.6732 0.30134 1
0.72843 0.49596 1
0.4575 0.56854 1
0.68698 0.64311 1
0.64751 0.54877 1
0.58209 0.46775 1
0.40546 0.59665 1
0.62098 0.36407 1
0.58057 0.37617 1
0.5219 0.47881 1
0.86565 0.33085 1
0.75429 0.59114 1
0.70071 0.79808 1
0.47144 0.57879 1
0.56151 0.56907 1
0.55547 0.32543 1
0.632 0.47875 1
0.64538 0.41351 1
0.55968 0.387 1
0.70856 0.36693 1
0.50616 0.45729 1
0.75749 0.34986 1
0.65148 0.45226 1
0.45905 0.89072 1
0.71043 0.28226 1
0.39444 0.26059 1
0.57322 0.42752 1
0.69669 0.5239 1
0.67859 0.42935 1
0.51741 0.22209 1
0.54297 0.33274 1
0.32342 0.38095 1
0.60685 0.46705 1
0.66341 0.35682 1
0.50716 0.42641 1
0.60591 0.43963 1
0.48709 0.67719 1
0.43996 0.65684 1
0.57549 0.53696 1
0.35244 0.1885 1
0.47784 0.53998 1
0.59524 0.47945 1
0.65746 0.69206 1
0.59474 0.6157 1
0.40013 0.58458 1
0.42868 0.5826 1
0.59393 0.52237 1
0.44748 0.40509 1
0.63201 0.37085 1
0.71612 0.67389 1
0.41242 0.4072 1
0.60792 0.60575 1
0.49539 0.58304 1
0.70639 0.45169 1
0.5941 0.5179 1
0.5825 0.50531 1
0.5775 0.54975 1
0.4642 0.396 1
0.71026 0.27672 1
0.54839 0.54392 1
0.46088 0.53854 1
0.51569 0.38247 1
0.45928 0.5597 1
0.53005 0.42504 1
0.54303 0.35882 1
0.47605 0.54849 1
0.70473 0.45677 1
0.43165 0.38028 1
0.36685 0.66213 1
0.43985 0.6214 1
0.55018 0.47075 1
0.56382 0.45975 1
0.53897 0.58943 1
0.54328 0.52247 1
0.70962 0.66264 1
0.72466 0.56109 1
0.45821 0.55416 1
0.52039 0.65771 1
0.63676 0.42144 1
0.41641 0.34399 1
0.82039 0.31777 1
0.73433 0.18871 1
0.5832 0.51038 1
0.31585 0.42602 1
0.60238 0.50569 1
0.47036 0.52281 1
0.59157 0.56433 1
0.65171 0.31409 1
0.5667 0.68669 1
0.53636 0.5591 1
0.4045 0.17885 1
0.51123 0.45974 1
0.55593 0.64007 1
0.31415 0.52799 1
0.56241 0.71621 1
0.42627 0.55514 1
0.73073 0.31291 1
0.46284 0.48704 1
0.46683 0.51018 1
0.39703 0.52662 1
0.64501 0.38944 1
0.64251 0.59643 1
0.48694 0.53288 1
0.60385 0.35709 1
0.45992 0.52815 1
0.44881 0.56417 1
0.58558 0.47056 1
0.4112 0.42032 1
0.45134 0.27105 1
0.32999 0.56129 1
0.61163 0.48594 1
0.75812 0.7096 1
0.51883 0.4687 1
0.59912 0.38605 1
0.52441 0.39155 1
0.50544 0.58359 1
0.60786 0.62777 1
0.55272 0.37544 1
0.64235 0.46206 1
0.77977 0.54591 1
0.51196 0.41262 1
0.53729 0.52533 1
0.52089 0.31352 1
0.47677 0.43395 1
0.32301 0.60491 1
0.54079 0.31748 1
0.5327 0.31095 1
0.68564 0.51184 1
0.49841 0.49131 1
0.42724 0.51456 1
0.38248 0.34098 1
0.60986 0.59275 1
0.58781 0.46814 1
0.85875 0.37984 1
0.36551 0.4454 1
0.62459 0.57474 1
0.63723 0.42271 1
0.71978 0.50604 1
0.4727 0.53693 1
0.54412 0.49485 1
0.5031 0.34637 1
0.4369 0.32885 1
0.45052 0.64024 1
0.47714 0.44563 1
0.50546 0.60637 1
0.57827 0.41943 1
0.71957 0.46201 1
0.57031 0.51993 1
0.72922 0.43717 1
0.59359 0.5652 1
0.61914 0.32232 1
0.54004 0.08011 1
0.61688 0.19088 1
0.40937 0.55583 1
0.46202 0.65072 1
0.55365 0.61409 1
0.53667 0.33524 1
0.60951 0.42962 1
0.5388 0.66677 1
0.67462 0.58138 1
0.72139 0.56161 1
0.72902 0.46135 1
0.78605 0.49364 1
0.61248 0.54665 1
0.39124 0.46235 1
0.27011 0.30976 1
0.46005 0.4896 1
0.45441 0.57607 1
0.67453 0.51298 1
0.49828 0.6123 1
0.64281 0.49226 1
0.39775 0.49192 1
0.48669 0.09955 1
0.59572 0.5389 1
0.46733 0.42741 1
0.44992 0.53771 1
0.45255 0.4862 1
0.37666 0.67338 1
0.58287 0.48043 1
0.63437 0.63423 1
0.58487 0.39656 1
0.51526 0.51658 1
0.5055 0.54798 1
0.56119 0.56675 1
0.66161 0.44225 1
0.61927 0.54367 1
0.44615 0.45212 1
0.66884 0.41575 1
0.70699 0.46886 1
0.46185 0.45634 1
0.58231 0.42467 1
0.52034 0.68692 1
0.56536 0.62464 1
0.42217 0.5683 1
0.6786 0.79798 1
0.43954 0.45292 1
0.75489 0.50266 1
0.54702 0.31844 1
0.61447 0.66886 1
0.65301 0.33027 1
0.69322 0.69933 1
0.56444 0.38257 1
0.23232 0.50259 1
0.53384 0.40961 1
0.47291 0.49137 1
0.6301 0.8012 1
0.4496 0.49844 1
0.37316 0.36175 1
0.50139 0.30014 1
0.42336 0.39729 1
0.51115 0.46944 1
0.44653 0.56005 1
0.47624 0.58171 1
0.48752 0.49477 1
0.54069 0.68811 1
0.70874 0.43776 1
0.44821 0.17627 1
0.44214 0.44552 1
0.66302 0.66921 1
0.47647 0.38281 1
0.60738 0.45632 1
0.43558 0.33883 1
0.64235 0.6249 1
0.65355 0.48635 1
0.55866 0.44323 1
0.73347 0.5267 1
0.5263 0.4434 1
0.33782 0.49662 1
0.29486 0.39207 1
0.37731 0.34362 1
0.4042 0.35759 1
0.79513 0.41766 1
0.29773 0.65502 1
0.5705 0.57664 1
0.44479 0.0 1
0.52187 0.70091 1
0.64324 0.71124 1
0.46083 0.49374 1
0.57424 0.38138 1
0.78454 0.39435 1
0.4364 0.53784 1
0.58035 0.59944 1
0.55247 0.58135 1
0.59815 0.59315 1
0.34166 0.59376 1
0.66575 0.47643 1
0.5622 0.41879 1
0.27661 0.53533 1
0.3187 0.42638 1
0.64028 0.66684 1
0.29975 0.51112 1
0.65503 0.43027 1
0.51178 0.52162 1
0.61924 0.42836 1
0.39439 0.39339 1
0.63164 0.53422 1
0.52592 0.50477 1
0.4113 0.48309 1
0.51372 0.47638 1
0.32701 0.66388 1
0.66896 0.48382 1
0.58196 0.34834 1
0.62608 0.28661 1
0.45697 0.39254 1
0.53761 0.56565 1
0.29517 0.4662 1
0.66294 0.43259 1
0.27251 0.4126 1
0.07479 0.40502 1
0.52139 0.65674 1
0.50021 0.21967 1
0.60127 0.39631 1
0.68574 0.4928 1
0.54562 0.28043 1
0.24673 0.55748 1
0.48833 0.49922 1
0.21289 0.30102 1
0.55284 0.28458 1
0.5531 0.5168 1
0.56508 0.23384 1
0.46465 0.37256 1
0.64595 0.42073 1
0.73672 0.42658 1
0.6811 0.57431 1
0.3571 0.54244 1
0.59133 0.55345 1
0.86123 0.32185 1
0.69695 0.58959 1
0.71915 0.55294 1
0.43066 0.26176 1
0.48199 0.61269 1
0.44964 0.50872 1
0.6334 0.34664 1
0.47668 0.50715 1
0.3196 0.32542 1
0.59719 0.4935 1
0.51964 0.5691 1
0.55965 0.20205 1
0.39962 0.4836 1
0.56678 0.39301 1
0.41673 0.44188 1
0.446 0.6155 1
0.64713 0.63489 1
0.81073 0.69174 1
0.66773 0.35542 1
0.35268 0.36075 1
0.47475 0.50886 1
0.44761 0.4014 1
0.32255 0.36222 1
0.37042 0.63724 1
0.68345 0.57165 1
0.54792 0.36358 1
0.39187 0.52631 1
0.7008 0.40851 1
0.43766 0.59534 1
0.20436 0.65277 1
0.43574 0.47031 1
0.47127 0.31375 1
0.5759 0.58204 1
0.48407 0.29774 1
0.53196 0.27906 1
0.5041 0.37262 1
0.82139 0.39105 1
0.59926 0.56373 1
0.47591 0.31068 1
0.48862 0.5407 1
0.59072 0.52252 1
0.3296 0.40922 1
0.63106 0.54207 1
0.47813 0.57717 1
0.56277 0.38998 1
0.78902 0.29541 1
0.31378 0.48723 1
0.58587 0.53084 1
0.42511 0.387 1
0.67451 0.3163 1
0.38693 0.36051 1
0.52535 0.15205 1
0.56354 0.42423 1
0.64996 0.50473 1
0.76954 0.32663 1
0.15355 0.4044 1
0.47596 0.5447 1
0.79345 0.67001 1
0.25542 0.36915 1
0.47535 0.56556 1
0.39864 0.34535 1
0.73449 0.66966 1
0.42757 0.28954 1
0.59265 0.35649 1
0.48781 0.43898 1
0.34384 0.39739 1
0.48002 0.35045 1
0.61783 0.37122 1
0.37823 0.74687 1
0.48698 0.57548 1
0.68722 0.41811 1
0.49284 0.40521 1
0.57442 0.32573 1
0.52368 0.12527 1
0.39619 0.55147 1
0.58989 0.53079 1
0.59153 0.71409 1
0.72207 0.70661 1
0.61328 0.76985 1
0.38883 0.64689 1
0.68317 0.43236 1
0.67353 0.57883 1
0.45051 0.40408 1
0.59635 0.21212 1
0.91538 0.15412 1
0.61362 0.42924 1
0.51915 0.31776 1
0.56059 0.35695 1
0.59437 0.37059 1
0.6382 0.56043 1
0.32833 0.09734 1
0.29227 0.39177 1
0.4816 0.3417 1
0.37067 0.40439 1
0.44698 0.41508 1
0.6134 0.38638 1
0.44297 0.38202 1
0.65632 0.30816 1
0.44932 0.37751 1
0.60975 0.50875 1
0.43717 0.29651 1
0.71451 0.44929 1
0.65303 0.51622 1
0.72812 0.51304 1
0.73541 0.70242 1
0.53552 0.42078 1
0.6316 0.34541 1
0.53679 0.39751 1
0.48578 0.55861 1
0.51001 0.44474 1
0.41989 0.53952 1
0.4848 0.50446 1
0.54162 0.71722 1
0.53063 0.36899 1
0.55917 0.59979 1
0.44811 0.34613 1
0.46569 0.3572 1
0.75879 0.32267 1
0.3881 0.62779 1
0.62925 0.44043 1
0.47304 0.24202 1
0.39081 0.51154 1
0.53617 0.51653 1
0.72499 0.29512 1
0.47043 0.32881 1
0.82279 0.41921 1
0.88012 0.25543 1
0.61165 0.45202 1
0.55572 0.48228 1
0.39 0.66457 1
0.43786 0.37081 1
0.50105 0.35933 1
0.53656 0.40928 1
0.67391 0.53541 1
0.66049 0.53571 1
0.45686 0.39832 1
0.56044 0.33163 1
0.42678 0.61464 1
0.39116 0.55649 1
0.69207 0.57122 1
0.39529 0.41778 1
0.52254 0.47994 1
0.68 0.33267 1
0.88908 0.3507 1
0.31795 0.40084 1
0.59279 0.47851 1
0.45623 0.53824 1
0.37913 0.36671 1
0.44519 0.27676 1
0.67895 0.5025 1
0.44792 0.53719 1
0.45724 0.51197 1
0.47014 0.24955 1
0.34385 0.54141 1
0.51624 0.3925 1
0.48533 0.53182 1
0.69666 0.43954 1
0.5339 0.5336 1
0.51119 0.65033 1
0.351 0.52235 1
0.73681 0.55717 1
0.40891 0.56321 1
0.51042 0.44741 1
0.68762 0.43226 1
0.36242 0.36288 1
0.54862 0.36965 1
0.63902 0.59823 1
0.54964 0.71721 1
0.47392 0.2627 1
0.4934 0.33694 1
0.48246 0.54891 1
0.46069 0.33572 1
0.52489 0.47669 1
0.66605 0.45462 1
0.51105 0.5049 1
0.57476 0.47155 1
0.47337 0.34105 1
0.31823 0.2789 1
0.56384 0.4481 1
0.62343 0.27204 1
0.59706 0.38618 1
0.39754 0.39933 1
0.58712 0.6141 1
0.17075 0.47941 1
0.29064 0.20689 1
0.37958 0.32907 1
0.48789 0.40763 1
0.52268 0.55079 1
0.66189 0.48466 1
0.50119 0.40956 1
0.377 0.54496 1
0.49777 0.31178 1
0.38008 0.3687 1
0.41404 0.37967 1
0.5411 0.40498 1
0.51573 0.58662 1
0.52918 0.61198 1
0.50532 1.0 1
0.66139 0.54071 1
0.54412 0.72667 1
0.4859 0.7564 1
0.57607 0.42277 1
0.68087 0.46444 1
0.51834 0.44567 1
0.70767 0.75297 1
0.63226 0.26 1
0.70741 0.48561 1
0.37285 0.29191 1
0.48809 0.28786 1
0.30989 0.48101 1
0.40873 0.45132 1
0.76963 0.411 1
0.61766 0.57012 1
0.56955 0.36156 1
0.47665 0.50149 1
0.85978 0.41213 1
0.63881 0.5598 1
0.57281 0.45688 1
0.46339 0.31794 1
0.37803 0.44531 1
0.4975 0.08777 1
0.58471 0.3234 1
0.54744 0.33697 1
0.54409 0.40108 1
0.42141 0.56324 1
0.50332 0.60239 1
0.65143 0.36008 1
0.34945 0.36582 1
0.56187 0.26157 1
0.33837 0.27566 1
0.36438 0.43734 1
0.51927 0.25746 1
0.60346 0.60453 1
0.39557 0.18171 1
0.63416 0.67556 1
0.41561 0.49638 1
0.63822 0.54 1
0.46022 0.45564 1
0.54937 0.48533 1
0.59392 0.33146 1
0.50071 0.53597 1
0.47998 0.46471 1
0.5173 0.35928 1
0.41345 0.70043 1
0.52996 0.19022 1
0.64394 0.55604 1
0.57222 0.46458 1
0.32951 0.30578 1
0.32024 0.56829 1
0.53361 0.46348 1
0.52623 0.36511 1
0.65181 0.3707 1
0.4321 0.36947 1
0.67293 0.30346 1
0.57285 0.41187 1
0.48482 0.5743 1
0.33022 0.53033 1
0.45154 0.43641 1
0.24881 0.62959 1
0.62502 0.43334 1
0.60518 0.73785 1
0.60603 0.61447 1
0.5912 0.48586 1
0.46267 0.33543 1
0.49185 0.48695 1
0.21644 0.59722 1
0.49844 0.44311 1
0.41107 0.62446 1
0.40467 0.59065 1
0.51662 0.41742 1
0.35183 0.34361 1
0.43723 0.51177 1
0.49374 0.69528 1
0.50445 0.38027 1
0.68265 0.35918 1
0.51809 0.46205 1
0.38107 0.54179 1
0.46599 0.41734 1
0.79493 0.57052 1
0.55071 0.59407 1
0.50715 0.68344 1
0.56369 0.67736 1
0.41787 0.34146 1
0.48284 0.18188 1
0.66301 0.53314 1
0.50567 0.46777 1
0.5162 0.28041 1
0.40941 0.61123 1
0.44611 0.20389 1
0.71969 0.69437 1
0.47717 0.53341 1
0.44607 0.29107 1
0.4843 0.45709 1
0.5382 0.59582 1
0.43631 0.49285 1
0.38064 0.46878 1
0.62201 0.396 1
0.52467 0.44316 1
0.65402 0.43101 1
0.55456 0.4024 1
0.42977 0.44156 1
0.53399 0.65709 1
0.31771 0.40746 1
0.44728 0.63828 1
0.57891 0.64223 1
0.61465 0.58695 1
0.36747 0.57298 1
0.60535 0.57007 1
0.42412 0.35921 1
0.6127 0.53835 1
0.68296 0.66148 1
0.55196 0.43769 1
0.41501 0.4675 1
0.65546 0.57429 1
0.5271 0.61247 1
0.5159 0.5132 1
0.66702 0.47953 1
0.16444 0.6025 1
0.73929 0.44673 1
0.70077 0.37542 1
0.48956 0.39503 1
0.76969 0.28282 1
0.24823 0.47194 1
0.45484 0.55171 1
0.59448 0.61474 1
0.64045 0.5323 1
0.40892 0.86869 1
0.47596 0.3274 1
0.34045 0.32029 1
0.44349 0.51108 1
0.54646 0.43018 1
0.54744 0.43784 1
0.33056 0.32409 1
0.4424 0.36572 1
0.48744 0.60573 1
0.67131 0.41198 1
0.37431 0.37122 1
0.6318 0.48091 1
0.50902 0.59945 1
0.59191 0.52228 1
0.56178 0.5436 1
0.50836 0.46755 1
0.5656 0.4333 1
0.6174 0.67701 1
0.60389 0.33638 1
0.48333 0.46126 1
0.53574 0.48318 1
0.4451 0.36233 1
0.51194 0.50924 1
0.37999 0.4424 1
0.53761 0.45159 1
0.37817 0.40526 1
0.52131 0.53808 1
0.31095 0.22719 1
0.59392 0.61076 1
0.53366 0.36852 1
0.45778 0.47273 1
0.57548 0.28962 1
0.54966 0.33331 1
0.69094 0.53083 1
0.52379 0.26657 1
0.49982 0.24372 1
0.40499 0.47382 1
0.26614 0.4825 1
0.67564 0.57877 1
0.53045 0.62028 1
0.41809 0.38883 1
0.54931 0.37726 1
0.43655 0.74822 1
0.3723 0.51569 1
0.51717 0.5537 1
0.67528 0.33253 1
0.31594 0.40987 1
0.6047 0.37062 1
0.53157 0.76917 1
0.36463 0.45825 1
0.58247 0.6574 1
0.59148 0.39122 1
0.51737 0.38525 1
0.5201 0.5548 1
0.53524 0.46971 1
0.72691 0.3143 1
0.45681 0.43907 1
0.54181 0.29717 1
0.779 0.30621 1
0.60972 0.612 1
0.38446 0.29321 1
0.57089 0.60342 1
0.44065 0.36394 1
0.59453 0.3585 1
0.66775 0.41564 1
0.52114 0.70998 1
0.37319 0.48078 1
0.65819 0.53956 1
0.44593 0.4334 1
0.65547 0.20784 1
0.54409 0.54345 1
0.50497 0.55099 1
0.36872 0.44717 1
0.70972 0.45362 1
0.46604 0.77166 1
0.37779 0.5713 1
0.66809 0.60667 1
0.37794 0.45577 1
0.43869 0.44978 1
0.66829 0.66154 1
0.59666 0.61877 1
0.53273 0.74217 1
0.54635 0.3691 1
0.73092 0.58557 1
0.6206 0.47118 1
0.66289 0.45755 1
0.56561 0.47372 1
0.31156 0.634 1
0.32371 0.41601 1
0.34821 0.33483 1
0.44376 0.31953 1
0.56589 0.43298 1
0.54321 0.37299 1
0.4501 0.58351 1
0.78511 0.45816 1
0.587 0.36614 1
0.54067 0.48354 1
0.59961 0.34772 1
0.57075 0.36483 1
0.65082 0.36738 1
0.47825 0.6431 1
0.44966 0.40194 1
0.63322 0.51466 1
0.69946 0.34827 1
0.47639 0.69171 1
0.73897 0.50856 1
0.66251 0.362 1
0.26512 0.20309 1
0.57651 0.49517 1
0.50884 0.56902 1
0.18351 0.44901 1
0.46949 0.45412 1
0.59313 0.27356 1
0.70329 0.44492 1
0.2167 0.78265 1
0.53931 0.60416 1
0.65098 0.36082 1
0.31392 0.48891 1
0.48812 0.31948 1
0.53475 0.29505 1
0.39407 0.53986 1
0.64397 0.47825 1
0.51977 0.55855 1
0.45299 0.19915 1
0.66724 0.47071 1
0.70963 0.36577 1
0.44345 0.31575 1
0.60004 0.32936 1
0.59665 0.49129 1
0.30514 0.23879 1
0.56548 0.38362 1
0.5902 0.37193 1
0.60456 0.54325 1
0.72213 0.51634 1
0.57131 0.64636 1
0.50311 0.32067 1
0.40191 0.58568 1
0.47583 0.41438 1
0.37976 0.47563 1
0.67562 0.39541 1
0.50636 0.51433 1
0.51816 0.32148 1
0.26683 0.64049 1
0.3031 0.37389 1
0.51558 0.45491 1
0.40942 0.3584 1
0.35839 0.30057 1
0.61112 0.27922 1
0.3496 0.6077 1
0.63478 0.40798 1
0.60812 0.55691 1
0.36787 0.10505 1
0.50759 0.54273 1
0.50357 0.44956 1
0.67283 0.57417 1
0.58611 0.33057 1
0.33581 0.46103 1
0.47161 0.34194 1
0.49968 0.19058 1
0.63963 0.39986 1
0.56402 0.3305 1
0.5898 0.36831 1
0.56904 0.39003 1
0.5198 0.39879 1
0.45857 0.55128 1
0.73351 0.43815 1
0.86703 0.58369 1
0.53027 0.31878 1
0.50229 0.62636 1
0.29505 0.56544 1
0.57728 0.52735 1
0.56083 0.35801 1
0.62046 0.37082 1
0.50042 0.27536 1
0.61954 0.3395 1
0.2159 0.50324 1
0.58349 0.63752 1
0.55226 0.3067 1
0.80313 0.4716 1
0.39223 0.50103 1
0.59501 0.61148 1
0.69464 0.54785 1
0.57974 0.46344 1
0.54174 0.4959 1
0.42261 0.44848 1
0.56992 0.56692 1
0.48857 0.60953 1
0.54598 0.34757 1
0.58516 0.25324 1
0.62442 0.62235 1
0.6323 0.49222 1
0.47917 0.45389 1
0.45991 0.51743 1
0.80782 0.63524 1
0.36675 0.74375 1
0.64366 0.37744 1
0.62087 0.42315 1
0.68656 0.35555 1
0.63008 0.41166 1
0.30397 0.54899 1
0.61407 0.62513 1
0.72904 0.55344 1
0.58329 0.53793 1
0.49332 0.37277 1
0.50368 0.50532 1
0.55101 0.48003 1
0.4992 0.43736 1
0.50848 0.33398 1
0.54237 0.37061 1
0.5294 0.38556 1
0.59122 0.63515 1
0.8468 0.23561 1
0.49571 0.25856 1
0.53124 0.28786 1
0.31344 0.43244 1
0.59575 0.42528 1
0.5143 0.37259 1
0.6906 0.50028 1
0.52008 0.59579 1
0.67135 0.55367 1
0.57923 0.5391 1
0.46408 0.51946 1
0.44185 0.50162 1
0.54727 0.51884 1
0.47525 0.3652 1
0.37721 0.31346 1
0.42505 0.40898 1
0.53578 0.47115 1
0.57078 0.39778 1
0.54483 0.68455 1
0.62169 0.61854 1
0.5176 0.33658 1
0.51255 0.40708 1
0.46908 0.51101 1
0.4225 0.53996 1
0.61548 0.63415 1
0.66784 0.24526 1
0.45663 0.45535 1
0.5339 0.42018 1
0.70885 0.56776 1
0.66448 0.4034 1
0.46431 0.18421 1
0.53914 0.65848 1
0.60862 0.17826 1
0.55433 0.6087 1
0.78603 0.32051 1
0.461 0.44483 1
0.54812 0.36917 1
0.24089 0.56316 1
0.47726 0.77755 1
0.57618 0.31936 1
0.36114 0.64467 1
0.33822 0.33068 1
0.60351 0.34441 1
0.61026 0.57755 1
0.46765 0.45953 1
0.56917 0.33948 1
0.50266 0.299 1
0.56153 0.67672 1
0.41479 0.51754 1
0.426 0.54634 1
0.45015 0.46253 1
0.62176 0.45929 1
0.34789 0.48546 1
0.77705 0.73429 1
0.40096 0.52185 1
0.66746 0.35808 1
0.46984 0.36883 1
0.65869 0.343 1
0.4784 0.47178 1
0.36594 0.6019 1
0.67716 0.5166 1
0.58974 0.47107 1
0.5443 0.58628 1
0.39652 0.51284 1
0.73556 0.48475 1
0.47973 0.44085 1
0.54513 0.57227 1
0.77454 0.43804 1
0.64378 0.33381 1
0.44575 0.58413 1
0.56906 0.46957 1
0.38524 0.51148 1
0.58261 0.55035 1
0.61124 0.83937 1
0.45705 0.52287 1
0.50115 0.44271 1
0.41887 0.65783 1
0.68996 0.4085 1
0.64808 0.47471 1
0.63949 0.43256 1
0.32523 0.5641 1
0.60097 0.62376 1
0.4895 0.58534 1
0.74155 0.33635 1
0.66174 0.23932 1
0.39621 0.37623 1
0.60647 0.37695 1
0.68012 0.47034 1
0.67478 0.27715 1
0.6078 0.54178 1
0.66817 0.4863 1
0.50211 0.23602 1
0.62701 0.69115 1
0.64945 0.41833 1
0.45737 0.30968 1
0.50509 0.30953 1
0.43694 0.54636 1
0.48587 0.56597 1
0.62251 0.4656 1
0.55082 0.41682 1
0.44847 0.59668 1
0.35898 0.37045 1
0.45594 0.41188 1
0.70069 0.38306 1
0.55902 0.31245 1
0.48734 0.05642 1
0.53032 0.44675 1
0.55259 0.56395 1
0.55696 0.52063 1
0.5317 0.3817 1
0.6047 0.44499 1
0.33396 0.41475 1
0.5306 0.45104 1
0.41727 0.56485 1
0.44713 0.39632 1
0.59018 0.50343 1
0.5571 0.56421 1
0.52355 0.54488 1
0.28953 0.35087 1
0.48106 0.18975 1
0.53905 0.54541 1
0.52182 0.47393 1
0.74232 0.30317 1
0.52061 0.50528 1
0.54383 0.54351 1
0.73107 0.46207 1
0.67545 0.48138 1
0.58581 0.34644 1
0.46906 0.3758 1
0.45866 0.32433 1
0.53245 0.32122 1
0.6678 0.56402 1
0.5384 0.17746 1
0.42993 0.47956 1
0.62723 0.51716 1
0.55638 0.44988 1
0.31155 0.53175 1
0.65407 0.61287 1
0.42288 0.54961 1
0.4785 0.56901 1
0.77443 0.41718 1
0.71794 0.3404 1
0.52824 0.40881 1
0.75332 0.67276 1
0.36886 0.26818 1
0.36853 0.39038 1
0.56726 0.54196 1
0.45409 0.47631 1
0.32419 0.53171 1
0.70537 0.34785 1
0.53408 0.31693 1
0.67687 0.42655 1
0.63002 0.77227 1
0.49463 0.36689 1
0.61494 0.13067 1
0.52203 0.50502 1
0.62673 0.29405 1
0.61948 0.70858 1
0.58266 0.35813 1
0.50684 0.69952 1
0.65178 0.41308 1
0.67617 0.37192 1
0.60056 0.51892 1
0.64556 0.66348 1
0.72376 0.48242 1
0.339 0.28853 1
0.62283 0.38375 1
0.46639 0.54926 1
0.68478 0.5386 1
0.60237 0.36802 1
0.09702 0.42995 1
0.68532 0.23734 1
0.83937 0.56965 1
0.54687 0.48496 1
0.30272 0.35997 1
0.27855 0.41274 1
0.16768 0.74553 1
0.50529 0.42325 1
0.20874 0.55309 1
0.55358 0.32232 1
0.46665 0.50983 1
0.64655 0.58532 1
0.17614 0.37768 1
0.53928 0.32515 1
0.38433 0.1849 1
0.66806 0.48737 1
0.52429 0.63504 1
0.66757 0.65258 1
0.44281 0.42084 1
0.64552 0.45599 1
0.25345 0.17894 1
0.64146 0.45887 1
0.17779 0.57416 1
0.38829 0.5837 1
0.23912 0.39392 1
0.41661 0.59645 1
0.5375 0.36592 1
0.41732 0.50662 1
0.53797 0.71782 1
0.68682 0.30384 1
0.54012 0.2963 1
0.34056 0.4346 1
0.3933 0.33655 1
0.44625 0.60033 1
0.34856 0.54118 1
0.5211 0.32197 1
0.5133 0.43083 1
0.39823 0.42064 1
0.47786 0.28435 1
0.41384 0.56206 1
0.5424 0.45173 1
0.70799 0.6155 1
0.63236 0.59494 1
0.78483 0.37767 1
0.51178 0.35117 1
0.69311 0.33968 1
0.68301 0.30149 1
0.44101 0.30992 1
0.44704 0.66251 1
0.60461 0.43757 1
0.56379 0.52851 1
0.50518 0.37456 1
0.55987 0.2945 1
0.35466 0.43078 1
0.51679 0.33881 1
0.67311 0.18857 1
0.50661 0.50299 1
0.49819 0.42211 1
0.41419 0.56001 1
0.5244 0.4375 1
0.74909 0.40331 1
0.43369 0.43511 1
0.66046 0.58556 1
0.4982 0.40829 1
0.70017 0.33569 1
0.57136 0.45475 1
0.73401 0.38025 1
0.56313 0.53913 1
0.54749 0.44693 1
0.36365 0.5874 1
0.62665 0.37647 1
0.67482 0.4578 1
0.56852 0.61622 1
0.54832 0.23971 1
0.32395 0.66491 1
0.33549 0.49864 1
0.79136 0.28945 1
0.45597 0.63105 1
0.60573 0.64428 1
0.31813 0.53225 1
0.26688 0.47154 1
0.47808 0.19259 1
0.58952 0.76312 1
0.44974 0.18367 1
0.48989 0.5521 1
0.53832 0.64016 1
0.54078 0.85186 1
0.49598 0.31835 1
0.59108 0.41462 1
0.53989 0.42491 1
0.5527 0.38648 1
0.55498 0.41014 1
0.67898 0.53269 1
0.48436 0.54523 1
0.36976 0.36071 1
0.48387 0.75779 1
0.58712 0.73844 1
0.29913 0.63271 1
0.56801 0.46877 1
0.59649 0.36573 1
0.62243 0.26251 1
0.3391 0.68591 1
0.59191 0.58941 1
0.42081 0.38165 1
0.49135 0.57304 1
0.57505 0.56425 1
0.72442 0.40753 1
0.25647 0.69919 1
0.60237 0.49291 1
0.64189 0.38578 1
0.67641 0.4298 1
0.63311 0.27677 1
0.56667 0.2722 1
0.35702 0.30092 1
0.60131 0.31695 1
0.5666 0.48585 1
0.29076 0.49492 1
0.33817 0.73249 1
0.47225 0.44702 1
0.45224 0.30366 1
0.69178 0.44742 1
0.477 0.3957 1
0.65317 0.40562 1
0.51178 0.45754 1
0.70835 0.26493 1
0.4291 0.43944 1
0.40189 0.48554 1
0.25271 0.47121 1
0.34793 0.27074 1
0.504 0.49673 1
0.47161 0.37967 1
0.43541 0.62583 1
0.44077 0.48363 1
0.44446 0.64178 1
0.44323 0.33411 1
0.44937 0.24758 1
0.48415 0.78452 1
0.46438 0.53971 1
0.46887 0.57476 1
0.93777 0.48878 1
0.74175 0.12165 1
0.28619 0.62043 1
0.70956 0.42978 1
0.37206 0.42537 1
0.23916 0.61882 1
0.62152 0.20894 1
0.53824 0.38218 1
0.44897 0.40587 1
0.39137 0.28549 1
0.57084 0.40393 1
0.55333 0.42806 1
0.65297 0.54461 1
0.49834 0.46132 1
0.73697 0.51455 1
0.59239 0.43197 1
0.39933 0.60232 1
0.56688 0.37382 1
0.6422 0.40466 1
0.40786 0.22393 1
0.71805 0.65646 1
0.58152 0.28378 1
0.512 0.43942 1
0.58354 0.52291 1
0.43245 0.38314 1
0.45881 0.12505 1
0.64519 0.47516 1
0.68475 0.35368 1
0.59751 0.59557 1
0.50295 0.3433 1
0.72133 0.47087 1
0.83843 0.44559 1
0.61445 0.59667 1
0.55291 0.47477 1
0.60682 0.44902 1
0.71062 0.61142 1
0.47936 0.24714 1
0.41931 0.41527 1
0.63192 0.47969 1
0.51939 0.51398 1
0.635 0.34774 1
0.62457 0.4221 1
0.36086 0.47577 1
0.27793 0.55828 1
0.61082 0.4668 1
0.69657 0.67858 1
0.51965 0.23283 1
0.40064 0.30786 1
0.3353 0.53357 1
0.44557 0.50503 1
0.59665 0.63027 1
0.63936 0.36404 1
0.3493 0.47782 1
0.44757 0.34872 1
0.53668 0.14119 1
0.39148 0.52453 1
0.34615 0.62228 1
0.4962 0.49339 1
0.54673 0.48471 1
0.32386 0.47915 1
0.69635 0.38754 1
0.75049 0.43184 1
0.40582 0.35077 1
0.75555 0.49469 1
0.52208 0.38224 1
0.45601 0.48071 1
0.31244 0.22702 1
0.48077 0.29108 1
0.54765 0.61229 1
0.58447 0.5018 1
0.67453 0.53232 1
0.41482 0.36649 1
0.55455 0.51336 1
0.33482 0.70861 1
0.32993 0.68766 1
0.29578 0.51095 1
0.40061 0.2542 1
0.60819 0.51611 1
0.51432 0.33473 1
0.47028 0.39063 1
0.6637 0.40363 1
0.40911 0.27648 1
0.5836 0.35209 1
0.4309 0.31651 1
0.60296 0.41843 1
0.62263 0.4242 1
0.62929 0.18941 1
0.295 0.66881 1
0.34608 0.27306 1
0.67809 0.4831 1
0.42886 0.38997 1
0.52331 0.49796 1
0.65185 0.48168 1
0.79613 0.28078 1
0.3473 0.45797 1
0.48149 0.30352 1
0.61268 0.4842 1
0.64197 0.40472 1
0.56668 0.5007 1
0.50003 0.41827 1
0.44355 0.12987 1
0.55734 0.45507 1
0.78914 0.41652 1
0.52653 0.26887 1
0.8053 0.26923 1
0.59123 0.4797 1
0.39664 0.6644 1
0.36578 0.43807 1
0.40444 0.29177 1
0.42008 0.36661 1
0.59002 0.51877 1
0.48997 0.48951 1
0.61976 0.12296 1
0.65635 0.37364 1
0.53281 0.5279 1
0.53706 0.53112 1
0.64887 0.25845 1
0.56869 0.66399 1
0.8022 0.44971 1
0.56705 0.31846 1
0.59173 0.58158 1
0.41349 0.40817 1
0.48851 0.53955 1
0.69646 0.47687 1
0.57639 0.37098 1
0.44692 0.42926 1
0.61073 0.61692 1
0.62505 0.60415 1
0.38966 0.40768 1
0.74475 0.62351 1
0.53226 0.12536 1
0.41547 0.52582 1
0.76609 0.28223 1
0.52512 0.47696 1
0.30344 0.39773 1
0.59808 0.59796 1
0.49126 0.5404 1
0.56821 0.43763 1
0.52711 0.5211 1
0.4604 0.51894 1
0.64083 0.58928 1
0.53834 0.52431 1
0.60593 0.63069 1
0.61549 0.46866 1
0.47294 0.69207 1
0.82917 0.41685 1
0.76181 0.73615 1
0.60264 0.46594 1
0.68635 0.27856 1
0.57293 0.28566 1
0.35461 0.40591 1
0.46824 0.40949 1
0.5857 0.53946 1
0.42506 0.40116 1
0.43626 0.38427 1
0.20427 0.62821 1
0.85763 0.50302 1
0.43422 0.44246 1
0.54922 0.57289 1
0.32592 0.30003 1
0.39863 0.18712 1
0.82042 0.39286 1
0.58134 0.433 1
0.69338 0.34397 1
0.55033 0.48547 1
0.44431 0.7077 1
0.54019 0.46906 1
0.44829 0.48164 1
0.5129 0.40723 1
0.37624 0.5964 1
0.31425 0.36499 1
0.50309 0.40616 1
0.6651 0.56766 1
0.36336 0.58726 1
0.56672 0.47878 1
0.48321 0.43251 1
0.55572 0.48988 1
0.49528 0.49495 1
0.48354 0.58152 1
0.48739 0.55396 1
0.72754 0.62251 1
0.497 0.44096 1
0.64753 0.51512 1
0.66479 0.38484 1
0.36119 0.44126 1
0.64188 0.40982 1
0.41366 0.65781 1
0.38938 0.42194 1
0.40779 0.19455 1
0.75093 0.51659 1
0.81071 0.52417 1
