0.36466 0.35588 1
0.29545 0.42625 1
0.59714 0.69634 1
0.60289 0.57962 1
0.52417 0.45667 1
0.75173 0.1607 1
0.47882 0.51202 1
0.43509 0.5444 1
0.39967 0.22125 1
0.50472 0.25672 1
0.06036 0.46646 1
0.37152 0.54069 1
0.49616 0.4873 1
0.49872 0.62908 1
0.21159 0.67001 1
0.65022 0.48303 1
0.35253 0.42382 1
0.33408 0.29034 1
0.24014 0.67179 1
0.44806 0.22332 1
0.25622 0.61734 1
0.5104 0.53167 1
0.49422 0.54283 1
0.33536 0.48512 1
0.28294 0.59121 1
0.53281 0.38011 1
0.39758 0.50138 1
0.54278 0.3651 1
0.45336 0.28272 1
0.55871 0.46454 1
0.52422 0.515 1
0.418 0.43983 1
0.51865 0.43101 1
0.71295 0.5077 1
0.52088 0.06881 1
0.50518 0.31379 1
0.23977 0.45495 1
0.44194 0.34458 1
0.4149 0.4302 1
0.64532 0.29986 1
0.69656 0.6307 1
0.51808 0.12834 1
0.5942 0.2948 1
0.23875 0.58053 1
0.32012 0.57249 1
0.38037 0.48954 1
0.60234 0.53878 1
0.22406 0.41786 1
0.43204 0.23465 1
0.43858 0.68037 1
0.47491 0.58857 1
0.42781 0.55165 1
0.32417 0.20632 1
0.3909 0.31847 1
0.51595 0.65105 1
0.26587 0.48328 1
0.30404 0.43182 1
0.55719 0.53766 1
0.37586 0.35972 1
0.30282 0.40858 1
0.34771 0.41407 1
0.80873 0.22039 1
0.35075 0.56907 1
0.34934 0.33297 1
0.72542 0.47056 1
0.45009 0.46065 1
0.26904 0.51829 1
0.46036 0.30526 1
0.62338 0.3079 1
0.28287 0.48673 1
0.52763 0.16248 1
0.39235 0.24152 1
0.32927 0.55585 1
0.39568 0.41309 1
0.55571 0.46525 1
0.39838 0.34106 1
0.26427 0.24767 1
0.70858 0.33917 1
0.41809 0.5527 1
0.24923 0.4685 1
0.26153 0.61593 1
0.38137 0.32478 1
0.34268 0.53316 1
0.76679 0.55486 1
0.5678 0.30031 1
0.73801 0.26067 1
0.54809 0.28615 1
0.25958 0.44549 1
0.83816 0.34591 1
0.45512 0.51697 1
0.67989 0.54899 1
0.27305 0.368 1
0.54822 0.52831 1
0.44534 0.58425 1
0.59256 0.46219 1
0.54841 0.54934 1
0.32038 0.67414 1
0.7342 0.65411 1
0.52934 0.58744 1
0.60001 0.27273 1
0.31476 0.44584 1
0.48273 0.53939 1
0.22831 0.49712 1
0.4884 0.64679 1
0.54453 0.27823 1
0.68096 0.62121 1
0.56011 0.31209 1
0.49004 0.36073 1
0.55512 0.66936 1
0.46888 0.27242 1
0.513 0.48519 1
0.67256 0.23106 1
0.50508 0.58272 1
0.46342 0.60476 1
0.45898 0.69642 1
0.7059 0.35851 1
0.46298 0.4509 1
0.39669 0.44954 1
0.7346 0.50811 1
0.4085 0.55775 1
0.60688 0.39798 1
0.27048 0.45054 1
0.27694 0.5191 1
0.59157 0.2294 1
0.31373 0.59933 1
0.6677 0.13238 1
0.18774 0.39119 1
0.38563 0.59052 1
0.29994 0.39115 1
0.7217 0.44362 1
0.36536 0.36868 1
0.44705 0.67387 1
0.51982 0.45291 1
0.53306 0.66684 1
0.20744 0.30092 1
0.14027 0.58637 1
0.77291 0.53151 1
0.61965 0.4505 1
0.71519 0.43037 1
0.34129 0.3543 1
0.43612 0.49175 1
0.54493 0.40541 1
0.51182 0.45219 1
0.3389 0.33981 1
0.45472 0.44367 1
0.37789 0.37171 1
0.25997 0.39247 1
0.55526 0.65797 1
0.44373 0.53437 1
0.47405 0.53368 1
0.46607 0.46008 1
0.24206 0.36145 1
0.24276 0.29683 1
0.38102 0.59924 1
0.40464 0.36103 1
0.37981 0.7204 1
0.34065 0.53869 1
0.53737 0.37171 1
0.64202 0.31323 1
0.60611 0.45178 1
0.56222 0.52629 1
0.67562 0.54048 1
0.48048 0.40701 1
0.52804 0.28674 1
0.56774 0.37843 1
0.63604 0.51209 1
0.28733 0.67936 1
0.46233 0.34395 1
0.22329 0.42435 1
0.39852 0.65472 1
0.29312 0.41249 1
0.4307 0.35834 1
0.26927 0.4381 1
0.56198 0.27382 1
0.25908 0.62307 1
0.69825 0.26213 1
0.30487 0.53245 1
0.56953 0.4151 1
0.38428 0.27771 1
0.44864 0.39132 1
0.67814 0.33266 1
0.76777 0.66173 1
0.55699 0.19173 1
0.49282 0.35171 1
0.48458 0.32362 1
0.59607 0.71668 1
0.72898 0.38226 1
0.64831 0.37246 1
0.2248 0.39975 1
0.44205 0.48321 1
0.48183 0.57343 1
0.46238 0.63561 1
0.48787 0.48031 1
0.60038 0.47924 1
0.29365 0.58117 1
0.41982 0.42767 1
0.32762 0.31695 1
0.86184 0.42424 1
0.65015 0.66422 1
0.2242 0.47578 1
0.46863 0.4411 1
0.69677 0.31837 1
0.37998 0.48768 1
0.31032 0.48478 1
0.49106 0.43899 1
0.36976 0.64399 1
0.66131 0.10655 1
0.51521 0.22782 1
0.2809 0.68236 1
0.53006 0.58465 1
0.29049 0.52477 1
0.33957 0.45701 1
0.66929 0.41635 1
0.41608 0.63791 1
0.70965 0.51486 1
0.5362 0.23866 1
0.29467 0.53389 1
0.59477 0.65396 1
0.48721 0.4783 1
0.52621 0.41591 1
0.44731 0.3269 1
0.72838 0.19963 1
0.43116 0.44257 1
0.33175 0.312 1
0.35372 0.37672 1
0.37584 0.72215 1
0.52512 0.51411 1
0.60717 0.57634 1
0.30419 0.40261 1
0.55099 0.6527 1
0.33838 0.30449 1
0.40404 0.51763 1
0.40492 0.39135 1
0.33775 0.52676 1
0.48758 0.29145 1
0.53383 0.36108 1
0.30314 0.37586 1
0.6099 0.81097 1
0.60891 0.34545 1
0.52089 0.38246 1
0.53427 0.33666 1
0.71832 0.43014 1
0.23938 0.60981 1
0.35282 0.31983 1
0.45153 0.55908 1
0.59687 0.14623 1
0.41086 0.53409 1
0.78256 0.46694 1
0.55705 0.28544 1
0.66113 0.37545 1
0.61053 0.45471 1
0.51087 0.20136 1
0.63986 0.88409 1
0.57045 0.53192 1
0.54822 0.48703 1
0.51578 0.36435 1
0.48916 0.58742 1
0.52265 0.24112 1
0.69176 0.45374 1
0.52283 0.61006 1
0.60245 0.34262 1
0.44678 0.3478 1
0.38367 0.63269 1
0.29854 0.37213 1
0.29266 0.16302 1
0.52254 0.36058 1
0.69003 0.42379 1
0.55829 0.17474 1
0.54 0.61174 1
0.56031 0.61523 1
0.43301 0.36099 1
0.48003 0.49701 1
0.55703 0.7775 1
0.40801 0.33978 1
0.45481 0.43086 1
0.37544 0.56254 1
0.22799 0.12983 1
0.46876 0.37914 1
0.54837 0.6141 1
0.66442 0.68269 1
0.60136 0.25197 1
0.39814 0.40981 1
0.65035 0.33706 1
0.4282 0.42213 1
0.30342 0.61491 1
0.43244 0.60427 1
0.17601 0.19065 1
0.37199 0.42666 1
0.41054 0.47602 1
0.59388 0.41141 1
0.39677 0.44749 1
0.36544 0.34927 1
0.54604 0.61766 1
0.56858 0.46263 1
0.11148 0.54618 1
0.5305 0.55047 1
0.46649 0.43929 1
0.58544 0.54836 1
0.52381 0.2814 1
0.57288 0.55255 1
0.45537 0.5244 1
0.50361 0.45741 1
0.67767 0.39259 1
0.30101 0.43222 1
0.32484 0.50786 1
0.43703 0.38155 1
0.38907 0.25228 1
0.40938 0.36602 1
0.67597 0.46896 1
0.42632 0.2912 1
0.57471 0.55095 1
0.52706 0.30046 1
0.49015 0.27304 1
0.65626 0.41374 1
0.38788 0.34158 1
0.23656 0.47501 1
0.56809 0.40602 1
0.41119 0.27673 1
0.61127 0.53019 1
0.67887 0.31893 1
0.6291 0.51458 1
0.52052 0.37949 1
0.75586 0.55314 1
0.49588 0.51683 1
0.60924 0.24458 1
0.58862 0.23845 1
0.5356 0.30482 1
0.59327 0.48986 1
0.49985 0.51845 1
0.49239 0.40097 1
0.34699 0.57618 1
0.48471 0.42779 1
0.09252 0.43352 1
0.30378 0.4654 1
0.70839 0.26244 1
0.49868 0.33196 1
0.45453 0.37675 1
0.38227 0.16211 1
0.33381 0.34155 1
0.49482 0.44183 1
0.57408 0.49388 1
0.40531 0.65223 1
0.56842 0.66498 1
0.49795 0.50181 1
0.06995 0.5482 1
0.36406 0.42993 1
0.40062 0.32011 1
0.37524 0.39498 1
0.63323 0.38941 1
0.26139 0.48066 1
0.57695 0.28569 1
0.35115 0.30637 1
0.47107 0.46122 1
0.71901 0.3817 1
0.26301 0.58457 1
0.36437 0.31621 1
0.5077 0.53462 1
0.482 0.56019 1
0.57732 0.48107 1
0.53801 0.28974 1
0.52825 0.32454 1
0.37039 0.42692 1
0.55609 0.50197 1
0.4139 0.52011 1
0.75575 0.51463 1
0.3636 0.61903 1
0.6607 0.37028 1
0.50888 0.82879 1
0.50723 0.30512 1
0.3443 0.37566 1
0.32975 0.6145 1
0.49373 0.47071 1
0.49714 0.24715 1
0.832 0.56498 1
0.6594 0.48512 1
0.56493 0.48358 1
0.34149 0.17522 1
0.50613 0.24223 1
0.50148 0.61366 1
0.50678 0.53393 1
0.63233 0.44647 1
0.54424 0.47014 1
0.58857 0.46511 1
0.56243 0.51115 1
0.20902 0.4126 1
0.63989 0.60198 1
0.44886 0.36593 1
0.18938 0.43558 1
0.41364 0.68723 1
0.45166 0.68241 1
0.48637 0.83867 1
0.44235 0.49087 1
0.64625 0.42567 1
0.37466 0.55071 1
0.37488 0.35052 1
0.75866 0.36097 1
0.41283 0.74793 1
0.51314 0.47318 1
0.43201 0.42829 1
0.63074 0.38785 1
0.43309 0.57235 1
0.68179 0.59369 1
0.53856 0.50684 1
0.51932 0.39491 1
0.74488 0.39949 1
0.20489 0.36929 1
0.2876 0.31763 1
0.31048 0.43394 1
0.65391 0.49249 1
0.34931 0.44944 1
0.55287 0.4487 1
0.41198 0.47164 1
0.43245 0.46508 1
0.51891 0.47405 1
0.44362 0.35324 1
0.35808 0.26205 1
0.46317 0.44864 1
0.59245 0.45019 1
0.47927 0.54404 1
0.45261 0.6669 1
0.38166 0.69812 1
0.62974 0.14065 1
0.62098 0.59607 1
0.44592 0.51893 1
0.56118 0.40766 1
0.39193 0.52798 1
0.64178 0.37673 1
0.41126 0.51496 1
0.37843 0.42205 1
0.33906 0.40685 1
0.19298 0.21703 1
0.61951 0.48385 1
0.5112 0.58972 1
0.50022 0.54083 1
0.48384 0.49399 1
0.62605 0.26281 1
0.61726 0.53908 1
0.46911 0.36387 1
0.2602 0.40267 1
0.49795 0.39994 1
0.41612 0.37014 1
0.36312 0.28501 1
0.50111 0.41133 1
0.38699 0.58202 1
0.38776 0.46764 1
0.40053 0.33398 1
0.33632 0.68885 1
0.41862 0.61709 1
0.34791 0.25932 1
0.48845 0.34719 1
0.53686 0.37126 1
0.30032 0.35923 1
0.48022 0.32154 1
0.50173 0.5797 1
0.46066 0.47448 1
0.35411 0.51833 1
0.53517 0.28442 1
0.36179 0.80662 1
0.40673 0.4988 1
0.51092 0.55937 1
0.71556 0.43138 1
0.51786 0.33433 1
0.53626 0.75006 1
0.28918 0.36109 1
0.72318 0.46471 1
0.70763 0.37606 1
0.81311 0.30997 1
0.72511 0.73128 1
0.31132 0.64667 1
0.49166 0.59815 1
0.54275 0.36738 1
0.61968 0.45705 1
0.25945 0.41598 1
0.4615 0.45003 1
0.50958 0.44572 1
0.4021 0.43529 1
0.38689 0.35452 1
0.49449 0.55415 1
0.38691 0.48937 1
0.54553 0.71542 1
0.38978 0.32889 1
0.22319 0.21043 1
0.3432 0.26518 1
0.33354 0.1604 1
0.5023 0.65105 1
0.48356 0.58588 1
0.40495 0.39663 1
0.69847 0.41303 1
0.62038 0.403 1
0.35568 0.51365 1
0.50066 0.37637 1
0.29996 0.47182 1
0.41092 0.58531 1
0.33109 0.4816 1
0.43995 0.66295 1
0.36173 0.67086 1
0.46794 0.52922 1
0.63661 0.41774 1
0.50341 0.20829 1
0.16239 0.53378 1
0.49904 0.19412 1
0.35224 0.46286 1
0.48159 0.45188 1
0.57795 0.50766 1
0.43899 0.47912 1
0.25226 0.55843 1
0.49907 0.38595 1
0.28648 0.21011 1
0.54402 0.28383 1
0.47975 0.44325 1
0.58471 0.47704 1
0.53263 0.55288 1
0.61757 0.38713 1
0.47323 0.57288 1
0.59989 0.38352 1
0.53171 0.54058 1
0.46506 0.53358 1
0.48088 0.46948 1
0.50114 0.26422 1
0.61406 0.40554 1
0.25641 0.70626 1
0.38584 0.51153 1
0.52357 0.46301 1
0.24589 0.62612 1
0.62055 0.25688 1
0.51715 0.45164 1
0.45737 0.48741 1
0.40357 0.47924 1
0.45937 0.54007 1
0.75049 0.47073 1
0.30185 0.46151 1
0.6476 0.57593 1
0.46323 0.62406 1
0.40846 0.4454 1
0.40948 0.6493 1
0.30537 0.42444 1
0.23919 0.76197 1
0.31591 0.43353 1
0.44589 0.4955 1
0.07324 0.44675 1
0.63243 0.35819 1
0.07446 0.47694 1
0.35249 0.46464 1
0.49445 0.34729 1
0.62145 0.32424 1
0.14068 0.34657 1
0.24068 0.49851 1
0.4898 0.44544 1
0.24896 0.40932 1
0.44039 0.61522 1
0.59975 0.54833 1
0.53562 0.53426 1
0.47065 0.45051 1
0.18961 0.26084 1
0.26887 0.43699 1
0.53679 0.52904 1
0.50692 0.76285 1
0.55544 0.52018 1
0.55993 0.42689 1
0.66953 0.76414 1
0.35005 0.34588 1
0.45079 0.45074 1
0.56413 0.58441 1
0.22021 0.43019 1
0.41157 0.43839 1
0.3369 0.46278 1
0.41449 0.46498 1
0.31621 0.53221 1
0.55473 0.35637 1
0.47748 0.48999 1
0.50539 0.57133 1
0.43318 0.32518 1
0.35494 0.42253 1
0.1826 0.61571 1
0.60421 0.44549 1
0.41565 0.44197 1
0.41017 0.42474 1
0.6785 0.59853 1
0.28623 0.64424 1
0.36759 0.40242 1
0.49617 0.60213 1
0.52758 0.54368 1
0.46222 0.48227 1
0.37505 0.36278 1
0.37389 0.43392 1
0.40042 0.62889 1
0.48536 0.3979 1
0.25572 0.43952 1
1.0 0.37879 1
0.53917 0.39986 1
0.45875 0.57532 1
0.35022 0.36297 1
0.34711 0.5466 1
0.48623 0.31543 1
0.41651 0.6634 1
0.59541 0.27111 1
0.79648 0.44484 1
0.49258 0.72407 1
0.15593 0.58841 1
0.32656 0.43362 1
0.47592 0.46989 1
0.40214 0.53477 1
0.44324 0.75645 1
0.00055 0.43876 1
0.41653 0.56295 1
0.55338 0.57173 1
0.41803 0.50027 1
0.47396 0.42215 1
0.6028 0.51695 1
0.61135 0.36751 1
0.26258 0.43887 1
0.51099 0.38427 1
0.16693 0.40121 1
0.29448 0.45454 1
0.53555 0.5464 1
0.42925 0.3064 1
0.26559 0.44921 1
0.79016 0.80454 1
0.43071 0.4372 1
0.35076 0.34173 1
0.30082 0.34836 1
0.4203 0.67104 1
0.35033 0.31812 1
0.45479 0.62604 1
0.45329 0.50086 1
0.52825 0.3895 1
0.5031 0.3881 1
0.69943 0.69475 1
0.66174 0.45389 1
0.39825 0.54062 1
0.46021 0.50972 1
0.49637 0.48024 1
0.6159 0.4301 1
0.36188 0.63378 1
0.3115 0.43233 1
0.33335 0.44427 1
0.23606 0.28955 1
0.48243 0.43032 1
0.36607 0.24586 1
0.2604 0.54755 1
0.53479 0.44388 1
0.76389 0.30928 1
0.65251 0.55781 1
0.24428 0.22403 1
0.22773 0.20078 1
0.65558 0.4749 1
0.51984 0.38278 1
0.77343 0.11754 1
0.57374 0.70798 1
0.35424 0.53656 1
0.59166 0.43725 1
0.52687 0.37581 1
0.67979 0.39117 1
0.63612 0.56132 1
0.52298 0.32721 1
0.57995 0.28419 1
0.34009 0.62399 1
0.4516 0.41257 1
0.4424 0.4368 1
0.5662 0.36763 1
0.17923 0.40602 1
0.52678 0.4996 1
0.40226 0.42492 1
0.24937 0.42 1
0.19547 0.22742 1
0.33801 0.30931 1
0.91797 0.32397 1
0.46458 0.72209 1
0.5153 0.26062 1
0.44544 0.44569 1
0.31164 0.40145 1
0.59806 0.17054 1
0.45188 0.28325 1
0.29574 0.38644 1
0.46539 0.41286 1
0.21407 0.45763 1
0.37806 0.28037 1
0.29923 0.48981 1
0.46256 0.71872 1
0.36905 0.31407 1
0.43295 0.70946 1
0.44997 0.2048 1
0.32947 0.49981 1
0.45429 0.66672 1
0.67635 0.55982 1
0.57264 0.19285 1
0.54854 0.60178 1
0.50498 0.36709 1
0.27292 0.38699 1
0.61123 0.32763 1
0.32929 0.51127 1
0.67155 0.45358 1
0.30832 0.33021 1
0.37145 0.59316 1
0.33415 0.39121 1
0.59482 0.52317 1
0.28253 0.32442 1
0.42728 0.43155 1
0.42543 0.67087 1
0.53122 0.61584 1
0.54933 0.38317 1
0.48886 0.61659 1
0.64709 0.56549 1
0.4358 0.48503 1
0.6907 0.66065 1
0.39406 0.4981 1
0.49382 0.29869 1
0.44475 0.33451 1
0.60399 0.46809 1
0.55936 0.38564 1
0.36688 0.40887 1
0.5947 0.2451 1
0.75233 0.63384 1
0.56908 0.43716 1
0.1508 0.36765 1
0.29807 0.37562 1
0.7777 0.49285 1
0.72364 0.59339 1
0.53366 0.47985 1
0.3996 0.29873 1
0.42283 0.51672 1
0.27298 0.46211 1
0.38863 0.30235 1
0.53447 0.41576 1
0.4424 0.53992 1
0.5082 0.61693 1
0.43502 0.53458 1
0.40079 0.29772 1
0.51097 0.64045 1
0.76789 0.32909 1
0.29791 0.15863 1
0.56067 0.78705 1
0.59715 0.41064 1
0.30076 0.44958 1
0.40137 0.41843 1
0.60149 0.61924 1
0.4845 0.25412 1
0.41195 0.7684 1
0.5164 0.46926 1
0.4453 0.25457 1
0.71367 0.71185 1
0.42273 0.53628 1
0.84452 0.37391 1
0.57365 0.2174 1
0.47991 0.23906 1
0.65861 0.48572 1
0.52677 0.2204 1
0.52852 0.48244 1
0.58077 0.45805 1
0.53282 0.37983 1
0.3628 0.43442 1
0.15121 0.20302 1
0.70845 0.39138 1
0.46322 0.52494 1
0.60379 0.49661 1
0.49192 0.42805 1
0.29098 0.44428 1
0.5953 0.50201 1
0.28477 0.57745 1
0.3472 0.54176 1
0.50399 0.4948 1
0.60205 0.23829 1
0.38581 0.41417 1
0.70692 0.42754 1
0.4869 0.48195 1
0.50957 0.48675 1
0.35846 0.34735 1
0.55652 0.33645 1
0.47895 0.54331 1
0.58465 0.25798 1
0.64683 0.65657 1
0.4895 0.56751 1
0.33445 0.27512 1
0.30968 0.30566 1
0.37971 0.49822 1
0.37954 0.35203 1
0.53626 0.56616 1
0.62225 0.66552 1
0.48739 0.55652 1
0.2799 0.35353 1
0.55496 0.48279 1
0.69784 0.59212 1
0.2469 0.54797 1
0.34574 0.49859 1
0.53083 0.51473 1
0.41791 0.64125 1
0.46867 0.31946 1
0.49634 0.50202 1
0.44033 0.34639 1
0.57481 0.10273 1
0.32843 0.59396 1
0.38919 0.67798 1
0.45472 0.27786 1
0.45063 0.40718 1
0.45692 0.36746 1
0.42413 0.39326 1
0.47336 0.4444 1
0.65888 0.25948 1
0.50857 0.35696 1
0.33371 0.31383 1
0.64741 0.27683 1
0.39429 0.43451 1
0.441 0.37492 1
0.61481 0.61379 1
0.4569 0.59505 1
0.4569 0.45204 1
0.39063 0.41166 1
0.38199 0.42103 1
0.4318 0.44349 1
0.53458 0.48644 1
0.4614 0.57148 1
0.30922 0.70114 1
0.7036 0.41339 1
0.22286 0.62558 1
0.44382 0.64909 1
0.30307 0.51886 1
0.75918 0.40594 1
0.64193 0.52034 1
0.46076 0.53012 1
0.464 0.461 1
0.30651 0.33839 1
0.18517 0.38168 1
0.30394 0.54664 1
0.40866 0.30242 1
0.62504 0.33334 1
0.69023 0.51827 1
0.83438 0.39506 1
0.62821 0.52543 1
0.56081 0.34932 1
0.19426 0.24277 1
0.31457 0.5379 1
0.74929 0.29719 1
0.46108 0.38495 1
0.62615 0.51428 1
0.4974 0.42395 1
0.47899 0.2665 1
0.51281 0.25351 1
0.48898 0.64228 1
0.38491 0.33365 1
0.54182 0.71172 1
0.47783 0.37896 1
0.301 0.39772 1
0.22452 0.25189 1
0.62683 0.41233 1
0.64141 0.51053 1
0.68118 0.39311 1
0.45162 0.29003 1
0.5479 0.32554 1
0.62807 0.65924 1
0.45172 0.31218 1
0.49057 0.45501 1
0.48248 0.17323 1
0.4541 0.35128 1
0.53567 0.28978 1
0.24068 0.38844 1
0.724 0.59811 1
0.63735 0.44758 1
0.29775 0.63661 1
0.33147 0.47111 1
0.43824 0.57362 1
0.15599 0.25943 1
0.41382 0.30836 1
0.59067 0.37189 1
0.51048 0.47057 1
0.42803 0.49522 1
0.57258 0.56438 1
0.34355 0.24045 1
0.63499 0.35122 1
0.48141 0.32782 1
0.15348 0.46338 1
0.69551 0.58299 1
0.56003 0.18679 1
0.5571 0.40346 1
0.48632 0.50821 1
0.39566 0.46824 1
0.47549 0.56201 1
0.57616 0.26148 1
0.52989 0.43202 1
0.42129 0.58745 1
0.75342 0.56472 1
0.60257 0.56931 1
0.57161 0.5062 1
0.47161 0.34807 1
0.27813 0.40543 1
0.04016 0.30643 1
0.4467 0.50072 1
0.4929 0.47376 1
0.27621 0.43421 1
0.35634 0.52913 1
0.45793 0.46954 1
0.56918 0.39412 1
0.62421 0.5641 1
0.35649 0.64089 1
0.65182 0.34382 1
0.52911 0.62896 1
0.40488 0.70015 1
0.05184 0.49813 1
0.60497 0.59508 1
0.63793 0.38257 1
0.46717 0.68423 1
0.28216 0.35363 1
0.49387 1.0 1
0.63002 0.40297 1
0.50865 0.2683 1
0.37448 0.58325 1
0.44877 0.43221 1
0.39466 0.31297 1
0.50171 0.43574 1
0.44606 0.32137 1
0.51485 0.46945 1
0.52843 0.10204 1
0.4702 0.34726 1
0.45516 0.46023 1
0.38242 0.39478 1
0.54003 0.64991 1
0.3619 0.34044 1
0.55389 0.58684 1
0.27746 0.70996 1
0.32564 0.5551 1
0.42786 0.66596 1
0.5938 0.30703 1
0.58951 0.61506 1
0.29922 0.46203 1
0.68066 0.42729 1
0.2838 0.38089 1
0.48749 0.6336 1
0.66149 0.42047 1
0.40269 0.52796 1
0.54906 0.59515 1
0.4557 0.38093 1
0.4752 0.50026 1
0.37949 0.51029 1
0.48124 0.34737 1
0.60372 0.59197 1
0.53144 0.45388 1
0.44701 0.46951 1
0.41164 0.55167 1
0.42224 0.41266 1
0.61361 0.34672 1
0.42813 0.54321 1
0.0 0.36447 1
0.21796 0.5709 1
0.56369 0.68455 1
0.55827 0.2755 1
0.47693 0.29236 1
0.58048 0.29898 1
0.39232 0.37992 1
0.51164 0.48591 1
0.63398 0.42857 1
0.93393 0.4463 1
0.49208 0.5001 1
0.2248 0.6773 1
0.61375 0.57135 1
0.38357 0.33037 1
0.37252 0.36681 1
0.54684 0.57206 1
0.32037 0.50271 1
0.6183 0.49059 1
0.42196 0.2922 1
0.17052 0.33454 1
0.5049 0.24414 1
0.496 0.49988 1
0.41667 0.52216 1
0.34878 0.60624 1
0.51236 0.37537 1
0.42837 0.56242 1
0.59246 0.77358 1
0.52154 0.28613 1
0.54346 0.55873 1
0.57591 0.58051 1
0.47916 0.36602 1
0.56772 0.43746 1
0.39494 0.11507 1
0.59065 0.24886 1
0.61702 0.43938 1
0.48207 0.43971 1
0.44116 0.58171 1
0.39527 0.43039 1
0.58347 0.25721 1
0.81902 0.30311 1
0.61518 0.49025 1
0.55901 0.52505 1
0.63034 0.47868 1
0.48077 0.5596 1
0.43247 0.38962 1
0.4731 0.22078 1
0.51703 0.4765 1
0.55037 0.16815 1
0.48047 0.45487 1
0.34757 0.65004 1
0.38675 0.69378 1
0.36433 0.59581 1
0.43707 0.43551 1
0.45951 0.31425 1
0.32477 0.48446 1
0.47499 0.29068 1
0.5174 0.38837 1
0.37279 0.53948 1
0.61606 0.59781 1
0.3195 0.64623 1
0.51364 0.41623 1
0.83529 0.49696 1
0.51619 0.49693 1
0.39572 0.41339 1
0.52577 0.44025 1
0.48749 0.51835 1
0.58526 0.48115 1
0.6383 0.46925 1
0.69721 0.38123 1
0.49259 0.30201 1
0.74728 0.55081 1
0.54656 0.4499 1
0.44405 0.52608 1
0.45589 0.43306 1
0.47202 0.2925 1
0.18952 0.38863 1
0.51028 0.50635 1
0.37614 0.51463 1
0.3965 0.51764 1
0.44122 0.30044 1
0.48018 0.52813 1
0.34258 0.31942 1
0.38906 0.52737 1
0.56254 0.45439 1
0.40745 0.45589 1
0.4429 0.27079 1
0.45597 0.34423 1
0.35864 0.32525 1
0.52624 0.37397 1
0.55982 0.47942 1
0.28811 0.46109 1
0.58396 0.37484 1
0.34318 0.50112 1
0.47585 0.39781 1
0.60453 0.23533 1
0.46812 0.73653 1
0.35104 0.67053 1
0.47663 0.53591 1
0.66702 0.7064 1
0.81619 0.54322 1
0.65498 0.37037 1
0.5789 0.61569 1
0.64398 0.46991 1
0.31533 0.32886 1
0.36355 0.55094 1
0.58059 0.46198 1
0.51884 0.32163 1
0.56086 0.39554 1
0.50389 0.51913 1
0.37449 0.64063 1
0.43775 0.4643 1
0.42418 0.39802 1
0.16147 0.34175 1
0.36308 0.31522 1
0.15113 0.08145 1
0.21566 0.56263 1
0.49176 0.43276 1
0.59702 0.23574 1
0.49533 0.19649 1
0.36705 0.61894 1
0.54174 0.36114 1
0.54409 0.49078 1
0.53363 0.33638 1
0.48557 0.65251 1
0.35754 0.43887 1
0.5345 0.68495 1
0.64518 0.70486 1
0.53822 0.5837 1
0.44894 0.68027 1
0.41618 0.44684 1
0.38563 0.6424 1
0.35148 0.37335 1
0.66064 0.57073 1
0.66103 0.33993 1
0.32577 0.57017 1
0.6388 0.52602 1
0.14001 0.84901 1
0.53365 0.49163 1
0.30227 0.36972 1
0.32755 0.14251 1
0.30667 0.48344 1
0.37008 0.45716 1
0.29511 0.35866 1
0.66821 0.56283 1
0.40874 0.35431 1
0.55964 0.39593 1
0.77929 0.64106 1
0.38799 0.48698 1
0.36392 0.52055 1
0.45664 0.60486 1
0.56561 0.38182 1
0.41007 0.47981 1
0.57846 0.46584 1
0.21908 0.40374 1
0.39001 0.48432 1
0.34794 0.44953 1
0.46467 0.41846 1
0.45327 0.39591 1
0.56629 0.2822 1
0.71383 0.60244 1
0.39757 0.67653 1
0.71038 0.37402 1
0.2829 0.51659 1
0.7529 0.53123 1
0.42416 0.50337 1
0.68101 0.39046 1
0.65209 0.72001 1
0.54435 0.15287 1
0.4116 0.63662 1
0.26123 0.5627 1
0.25031 0.65727 1
0.3854 0.2266 1
0.75686 0.57755 1
0.3038 0.46727 1
0.36999 0.21344 1
0.59287 0.4592 1
0.21322 0.40013 1
0.57121 0.37258 1
0.60298 0.49826 1
0.75103 0.61211 1
0.40023 0.43317 1
0.46233 0.6412 1
0.53181 0.46421 1
0.37861 0.37115 1
0.55241 0.4766 1
0.30201 0.59368 1
0.53528 0.41714 1
0.49616 0.70097 1
0.43048 0.36123 1
0.34694 0.34345 1
0.6686 0.6144 1
0.31712 0.42191 1
0.40621 0.3976 1
0.50502 0.4027 1
0.39075 0.205 1
0.27732 0.25569 1
0.60841 0.40857 1
0.16895 0.40458 1
0.42709 0.4717 1
0.50712 0.56738 1
0.56385 0.23869 1
0.4197 0.25409 1
0.3514 0.66523 1
0.91558 0.551 1
0.50186 0.41073 1
0.37561 0.45373 1
0.30635 0.3217 1
0.19139 0.56194 1
0.41969 0.521 1
0.35811 0.20985 1
0.54889 0.46327 1
0.38431 0.47723 1
0.31197 0.35787 1
0.34316 0.41428 1
0.45442 0.44293 1
0.56023 0.71869 1
0.26708 0.24517 1
0.45284 0.38956 1
0.49627 0.37633 1
0.512 0.60066 1
0.70485 0.33729 1
0.15606 0.51227 1
0.33652 0.32229 1
0.24699 0.30811 1
0.52464 0.46414 1
0.56962 0.49338 1
0.34138 0.53314 1
0.43413 0.48062 1
0.43333 0.52962 1
0.62967 0.46239 1
0.5112 0.36092 1
0.44655 0.17338 1
0.5465 0.50314 1
0.44745 0.57427 1
0.54438 0.28347 1
0.31418 0.6149 1
0.31839 0.57602 1
0.48499 0.36766 1
0.38518 0.30573 1
0.37273 0.39505 1
0.40506 0.32598 1
0.42406 0.4926 1
0.25511 0.41563 1
0.39852 0.32697 1
0.47337 0.38434 1
0.24154 0.50973 1
0.48649 0.37562 1
0.32758 0.36816 1
0.36569 0.39334 1
0.3355 0.3749 1
0.37702 0.25048 1
0.52238 0.49116 1
0.54434 0.50916 1
0.55385 0.46001 1
0.42885 0.509 1
0.61897 0.54516 1
0.52383 0.50138 1
0.55375 0.22934 1
0.52092 0.51356 1
0.26886 0.08058 1
0.46959 0.45939 1
0.37125 0.59947 1
0.34506 0.61228 1
0.23507 0.51778 1
0.3413 0.58037 1
0.35081 0.38165 1
0.79868 0.43526 1
0.51463 0.2673 1
0.43319 0.53482 1
0.57602 0.54086 1
0.45486 0.4188 1
0.73703 0.50136 1
0.59148 0.63674 1
0.43369 0.41638 1
0.58171 0.51461 1
0.43636 0.34974 1
0.38945 0.53799 1
0.48309 0.35916 1
0.52097 0.56463 1
0.22997 0.71856 1
0.42637 0.19054 1
0.49902 0.67518 1
0.46268 0.6017 1
0.3278 0.58361 1
0.55468 0.2941 1
0.41848 0.39472 1
0.22711 0.43278 1
0.5711 0.59389 1
0.35192 0.57879 1
0.51564 0.35342 1
0.44106 0.50256 1
0.29901 0.41861 1
0.55428 0.45824 1
0.53793 0.37817 1
0.4717 0.29302 1
0.4592 0.51949 1
0.47331 0.31994 1
0.22423 0.40004 1
0.50772 0.30239 1
0.67262 0.16481 1
0.27789 0.37767 1
0.43881 0.48335 1
0.57583 0.6033 1
0.51837 0.58923 1
0.51121 0.63155 1
0.62637 0.46541 1
0.38659 0.70736 1
0.36561 0.53782 1
0.34381 0.40451 1
0.54075 0.41759 1
0.42991 0.26735 1
0.69956 0.51985 1
0.41365 0.25651 1
0.66491 0.38487 1
0.50309 0.34536 1
0.6702 0.43652 1
0.39791 0.59573 1
0.41392 0.43854 1
0.31042 0.61863 1
0.37363 0.44322 1
0.46798 0.35789 1
0.51437 0.48458 1
0.45507 0.29065 1
0.37062 0.4442 1
0.52327 0.08313 1
0.44166 0.2688 1
0.52057 0.49807 1
0.88011 0.60341 1
0.59754 0.55136 1
0.61055 0.43059 1
0.49023 0.30056 1
0.42284 0.35917 1
0.56834 0.48147 1
0.69622 0.54609 1
0.43189 0.26162 1
0.38454 0.42638 1
0.56529 0.56513 1
0.51457 0.42234 1
0.2933 0.24515 1
0.36189 0.14884 1
0.47477 0.39669 1
0.12097 0.33406 1
0.57335 0.36074 1
0.56159 0.34547 1
0.70224 0.41602 1
0.69347 0.38862 1
0.34694 0.34842 1
0.61581 0.44062 1
0.41931 0.40188 1
0.68282 0.39574 1
0.61834 0.5036 1
0.61659 0.53221 1
0.17192 0.18711 1
0.45812 0.69839 1
0.55613 0.5641 1
0.44927 0.39527 1
0.33067 0.18367 1
0.59492 0.4691 1
0.44047 0.58324 1
0.48855 0.37838 1
0.85077 0.06322 1
0.33746 0.34365 1
0.73469 0.24942 1
0.34099 0.42128 1
0.40259 0.42081 1
0.67585 0.32223 1
0.40068 0.51083 1
0.5583 0.26861 1
0.43935 0.37446 1
0.5083 0.32642 1
0.37041 0.51401 1
0.30313 0.29576 1
0.48638 0.55959 1
0.46727 0.69964 1
0.3121 0.56751 1
0.40709 0.49726 1
0.41981 0.35805 1
0.54904 0.35141 1
0.04727 0.44387 1
0.2717 0.31437 1
0.49793 0.49937 1
0.65219 0.50144 1
0.2864 0.49064 1
0.14918 0.42913 1
0.248 0.24064 1
0.51617 0.75728 1
0.36154 0.3898 1
0.277 0.43041 1
0.37897 0.7093 1
0.48713 0.41298 1
0.21223 0.35268 1
0.54326 0.62885 1
0.66141 0.26274 1
0.52305 0.3888 1
0.4691 0.32613 1
0.50664 0.53146 1
0.42707 0.48146 1
0.62026 0.5323 1
0.29329 0.18104 1
0.38514 0.35571 1
0.57534 0.44007 1
0.36333 0.46189 1
0.20611 0.40255 1
0.36225 0.6999 1
0.4875 0.61663 1
0.68675 0.49757 1
0.63134 0.46612 1
0.34875 0.52946 1
0.41598 0.72258 1
0.45383 0.38701 1
0.47552 0.53409 1
0.53722 0.46439 1
0.33259 0.2369 1
0.47454 0.30217 1
0.43686 0.67451 1
0.41305 0.32468 1
0.50803 0.57203 1
0.56817 0.54061 1
0.35226 0.46197 1
0.54104 0.31675 1
0.49221 0.20495 1
0.53279 0.50904 1
0.72748 0.42222 1
0.36352 0.32198 1
0.5564 0.55474 1
0.65811 0.36499 1
0.43781 0.32259 1
0.3703 0.30253 1
0.54411 0.54932 1
0.49731 0.24775 1
0.32212 0.08639 1
0.383 0.74272 1
0.61289 0.55487 1
0.4391 0.50764 1
0.49894 0.37487 1
0.42568 0.22596 1
0.38147 0.28933 1
0.46916 0.6822 1
0.09502 0.46129 1
0.53514 0.47762 1
0.8904 0.40483 1
0.39639 0.27443 1
0.54517 0.40765 1
0.34493 0.56196 1
0.53038 0.29465 1
0.51472 0.5677 1
0.48011 0.5885 1
0.64258 0.68842 1
0.78935 0.46658 1
0.4752 0.36574 1
0.36778 0.481 1
0.58751 0.43573 1
0.66692 0.51622 1
0.50941 0.40481 1
0.61776 0.40021 1
0.53636 0.75914 1
0.50744 0.36648 1
0.39121 0.37153 1
0.47025 0.36989 1
0.556 0.5346 1
0.63817 0.43208 1
0.31022 0.39075 1
0.38125 0.50166 1
0.56104 0.33393 1
0.63607 0.38869 1
0.19939 0.45299 1
0.58798 0.54029 1
0.55163 0.37244 1
0.45946 0.64422 1
0.54352 0.46259 1
0.34787 0.50872 1
0.39228 0.40616 1
0.40471 0.53065 1
0.57613 0.41455 1
0.60731 0.31122 1
0.2846 0.34099 1
0.57215 0.24089 1
0.69981 0.50125 1
0.53165 0.31052 1
0.50276 0.21587 1
0.57407 0.60258 1
0.66664 0.47231 1
0.37551 0.54313 1
0.30546 0.55623 1
0.24816 0.62316 1
0.45543 0.42763 1
0.57583 0.48679 1
0.41135 0.44076 1
0.66123 0.40762 1
0.63076 0.38403 1
0.54435 0.66702 1
0.44094 0.45924 1
0.42991 0.47833 1
0.56755 0.3892 1
0.2105 0.52149 1
0.41564 0.38059 1
0.60907 0.5183 1
0.57743 0.32475 1
0.6232 0.2947 1
0.54657 0.30903 1
0.65661 0.64756 1
0.3696 0.47203 1
0.3449 0.4045 1
0.53135 0.4988 1
0.57749 0.45422 1
0.5836 0.57653 1
0.46833 0.59356 1
0.73529 0.42654 1
0.37992 0.45003 1
0.24855 0.58469 1
0.0767 0.54979 1
0.34982 0.52907 1
0.43998 0.55422 1
0.35116 0.85846 1
0.43918 0.80005 1
0.33132 0.37951 1
0.4062 0.29139 1
0.54492 0.63193 1
0.23813 0.4525 1
0.40253 0.62926 1
0.43444 0.53083 1
0.45255 0.33632 1
0.43284 0.65173 1
0.53554 0.57549 1
0.46341 0.5605 1
0.30461 0.30923 1
0.892 0.69156 1
0.34983 0.46832 1
0.36796 0.476 1
0.52719 0.33022 1
0.64791 0.48032 1
0.37695 0.60562 1
0.56584 0.50585 1
0.52213 0.209 1
0.36646 0.55745 1
0.3959 0.52027 1
0.25744 0.22882 1
0.09344 0.50525 1
0.38937 0.54632 1
0.455 0.3613 1
0.81624 0.40432 1
0.42665 0.21861 1
0.62073 0.48702 1
0.69231 0.4322 1
0.4756 0.48392 1
0.57666 0.30018 1
0.30838 0.38622 1
0.49127 0.4652 1
0.50056 0.3983 1
0.30196 0.36373 1
0.47742 0.45175 1
0.28945 0.52019 1
0.51112 0.57843 1
0.49307 0.40009 1
0.48154 0.415 1
0.50237 0.4847 1
0.51203 0.19951 1
0.58943 0.5514 1
0.67383 0.40299 1
0.54025 0.49828 1
0.49401 0.72397 1
0.79356 0.7072 1
0.74106 0.45797 1
0.24058 0.34921 1
0.386 0.47277 1
0.66028 0.15196 1
0.5538 0.40103 1
0.34094 0.65974 1
0.46023 0.383 1
0.51963 0.36566 1
0.27089 0.3427 1
0.30086 0.49073 1
0.31998 0.55462 1
0.53635 0.52871 1
0.49909 0.6239 1
0.45241 0.35568 1
0.61049 0.39627 1
0.4828 0.33704 1
0.4521 0.44068 1
0.67777 0.55405 1
0.57276 0.49373 1
0.71412 0.5562 1
0.56766 0.81262 1
0.63646 0.45294 1
0.35003 0.36013 1
0.76006 0.34757 1
0.3088 0.41367 1
0.48231 0.20624 1
0.44791 0.59286 1
0.53275 0.32353 1
0.47642 0.37046 1
0.48387 0.43284 1
0.47271 0.4645 1
0.71003 0.46429 1
0.81213 0.71435 1
0.62738 0.39228 1
0.29331 0.30327 1
0.56968 0.47364 1
0.70189 0.52761 1
0.47298 0.32952 1
0.3706 0.54711 1
0.31829 0.84172 1
0.48017 0.45785 1
0.55863 0.35291 1
0.50337 0.45153 1
0.16607 0.44303 1
0.37586 0.6679 1
0.4404 0.36026 1
0.24984 0.37703 1
0.46077 0.67582 1
0.43411 0.42086 1
0.19008 0.56378 1
0.62232 0.26252 1
0.43039 0.46481 1
0.3316 0.35248 1
0.42784 0.23785 1
0.73132 0.63573 1
0.63543 0.54729 1
0.25861 0.45676 1
0.48266 0.44249 1
0.53632 0.41892 1
0.61111 0.42804 1
0.43543 0.47956 1
0.3841 0.45835 1
0.4934 0.18264 1
0.34801 0.70589 1
0.60503 0.55123 1
0.56153 0.60894 1
0.49681 0.34218 1
0.54912 0.51635 1
0.42016 0.52679 1
0.37159 0.35706 1
0.15109 0.35667 1
0.60205 0.32183 1
0.44187 0.42955 1
0.53613 0.44618 1
0.49613 0.42281 1
0.23841 0.48954 1
0.57831 0.34969 1
0.27375 0.34675 1
0.52926 0.51812 1
0.46298 0.33844 1
0.55066 0.33001 1
0.3844 0.56397 1
0.82313 0.62986 1
0.22831 0.28967 1
0.48485 0.26698 1
0.35506 0.38886 1
0.64376 0.50941 1
0.36304 0.37796 1
0.27987 0.43238 1
0.37255 0.29995 1
0.51873 0.27099 1
0.33998 0.47178 1
0.29443 0.34468 1
0.62032 0.36355 1
0.64295 0.33898 1
0.455 0.415 1
0.55471 0.53943 1
0.51064 0.32822 1
0.5666 0.27045 1
0.55368 0.37212 1
0.52232 0.39689 1
0.49254 0.38289 1
0.43629 0.47497 1
0.58043 0.26294 1
0.74624 0.40189 1
0.47471 0.52333 1
0.60722 0.48332 1
0.46375 0.38139 1
0.66207 0.75605 1
0.49901 0.29997 1
0.64159 0.552 1
0.40481 0.65077 1
0.34701 0.58864 1
0.50421 0.52527 1
0.41223 0.29758 1
0.61158 0.42927 1
0.38684 0.30884 1
0.59285 0.46186 1
0.50258 0.41824 1
0.65698 0.5603 1
0.57597 0.61375 1
0.58524 0.37893 1
0.53091 0.62558 1
0.47639 0.46285 1
0.512 0.5904 1
0.40191 0.67745 1
0.62611 0.27682 1
0.42235 0.57536 1
0.31862 0.5496 1
0.13442 0.59768 1
0.4413 0.5221 1
0.46207 0.39403 1
0.34517 0.59397 1
0.30328 0.34611 1
0.54483 0.12064 1
0.3979 0.52613 1
0.52437 0.49551 1
0.43522 0.60433 1
0.3109 0.53562 1
0.3907 0.65778 1
0.59402 0.32691 1
0.6034 0.48664 1
0.61919 0.56914 1
0.50503 0.39146 1
0.54298 0.64886 1
0.22604 0.68098 1
0.59957 0.43646 1
0.50667 0.55631 1
0.38626 0.57568 1
0.42314 0.49222 1
0.68781 0.42707 1
0.45376 0.44192 1
0.28079 0.42305 1
0.71818 0.4742 1
0.32611 0.63884 1
0.52199 0.27489 1
0.28136 0.33302 1
0.56847 0.45955 1
0.47451 0.40345 1
0.30824 0.52351 1
0.42949 0.40523 1
0.35149 0.32047 1
0.18854 0.38102 1
0.53651 0.41308 1
0.6429 0.49545 1
0.68612 0.59367 1
0.49805 0.72312 1
0.40024 0.58422 1
0.61256 0.18489 1
0.51011 0.51695 1
0.47224 0.48466 1
0.6094 0.55001 1
0.46684 0.32875 1
0.47727 0.32868 1
0.71533 0.43191 1
0.54293 0.43641 1
0.52327 0.36376 1
0.75799 0.2002 1
0.60677 0.44892 1
0.24492 0.50193 1
0.4537 0.35293 1
0.24816 0.27931 1
0.28206 0.74721 1
0.63225 0.56381 1
0.38322 0.54438 1
0.24606 0.45613 1
0.29722 0.83073 1
0.32638 0.45128 1
0.49887 0.57955 1
0.69426 0.56978 1
0.37319 0.43162 1
0.55191 0.41439 1
0.78923 0.48939 1
0.31131 0.53665 1
0.60603 0.5816 1
0.52972 0.42114 1
0.59738 0.58134 1
0.26673 0.48094 1
0.50946 0.56372 1
0.66161 0.51428 1
0.48849 0.51947 1
0.33646 0.18759 1
0.55655 0.5355 1
0.50856 0.70012 1
0.4091 0.53877 1
0.47638 0.35188 1
0.4705 0.2333 1
0.41438 0.42241 1
0.44127 0.29458 1
0.35623 0.65285 1
0.56714 0.39691 1
0.25582 0.41407 1
0.56963 0.58163 1
0.55717 0.38052 1
0.59831 0.50403 1
0.39922 0.35755 1
0.52579 0.338 1
0.50615 0.84294 1
0.49097 0.43608 1
0.63276 0.53593 1
0.38902 0.42316 1
0.35356 0.43268 1
0.27188 0.62488 1
0.34969 0.47582 1
0.37119 0.48112 1
0.33185 0.26052 1
0.3769 0.59077 1
0.40161 0.46218 1
0.55971 0.64502 1
0.27672 0.23496 1
0.42328 0.39499 1
0.5097 0.34572 1
0.43828 0.46701 1
0.35372 0.73298 1
0.58596 0.3475 1
0.55905 0.48112 1
0.58696 0.40421 1
0.42383 0.32894 1
0.68549 0.28218 1
0.47982 0.54909 1
0.38644 0.52657 1
0.58049 0.50109 1
0.59529 0.25457 1
0.72728 0.42273 1
0.77736 0.41172 1
0.65466 0.50811 1
0.53562 0.15861 1
0.49657 0.51911 1
0.44506 0.42616 1
0.47754 0.53021 1
0.42412 0.35437 1
0.48173 0.5856 1
0.55917 0.49787 1
0.79401 0.29826 1
0.72565 0.46633 1
0.62177 0.57418 1
0.40087 0.48219 1
0.40034 0.53308 1
0.46144 0.38502 1
0.19998 0.54114 1
0.66665 0.70102 1
0.40429 0.59906 1
0.29092 0.39231 1
0.66248 0.47571 1
0.35474 0.4726 1
0.55033 0.31886 1
0.09872 0.5745 1
0.3474 0.40543 1
0.29531 0.37862 1
0.3806 0.60347 1
0.19605 0.60874 1
0.42197 0.44481 1
0.58372 0.51134 1
0.50195 0.39769 1
0.65621 0.44478 1
0.5426 0.55267 1
0.45195 0.32266 1
0.667 0.61837 1
0.50792 0.71248 1
0.5219 0.46254 1
0.38684 0.26715 1
0.73369 0.36844 1
0.95343 0.49799 1
0.38911 0.34809 1
0.3496 0.3026 1
0.3359 0.65041 1
0.51208 0.28083 1
0.4347 0.49089 1
0.51403 0.45033 1
0.13982 0.55963 1
0.58224 0.18898 1
0.60622 0.55778 1
0.35368 0.73394 1
0.5282 0.21486 1
0.56963 0.3379 1
0.49607 0.27874 1
0.54247 0.48328 1
0.64378 0.28346 1
0.46201 0.30838 1
0.2927 0.52133 1
0.50539 0.4107 1
0.20893 0.31887 1
0.64356 0.61526 1
0.64636 0.53936 1
0.38534 0.49959 1
0.20006 0.3525 1
0.48399 0.59026 1
0.32021 0.4619 1
0.25315 0.46576 1
0.39809 0.65415 1
0.27764 0.48477 1
0.48005 0.4363 1
0.34938 0.45724 1
0.74122 0.439 1
0.54398 0.46184 1
0.51555 0.63537 1
0.44803 0.23965 1
0.36915 0.3067 1
0.63958 0.27343 1
0.37046 0.39502 1
0.32468 0.41486 1
0.22374 0.40969 1
0.43505 0.41903 1
0.63471 0.55498 1
0.55161 0.6258 1
0.20791 0.53527 1
0.52444 0.54436 1
0.18755 0.35859 1
0.58102 0.4445 1
0.37048 0.46764 1
0.37804 0.52213 1
0.57807 0.43035 1
0.40344 0.38117 1
0.50555 0.27913 1
0.54537 0.50558 1
0.4697 0.36598 1
0.53685 0.33826 1
0.27889 0.52977 1
0.16643 0.40376 1
0.35673 0.56089 1
0.6462 0.39123 1
0.37965 0.3817 1
0.26505 0.40952 1
0.50499 0.31002 1
0.50537 0.3655 1
0.4171 0.58248 1
0.56613 0.6425 1
0.40746 0.49102 1
0.47375 0.24436 1
0.27976 0.40067 1
0.46816 0.83901 1
0.34624 0.51619 1
0.73377 0.4135 1
0.68787 0.45582 1
0.56473 0.35912 1
0.6097 0.51463 1
0.3949 0.41867 1
0.64103 0.73573 1
0.65853 0.55747 1
0.49271 0.79088 1
0.35366 0.29218 1
0.51604 0.42556 1
0.40171 0.46261 1
0.43422 0.60336 1
0.48068 0.27501 1
0.40257 0.46407 1
0.41841 0.34171 1
0.3987 0.55052 1
0.28521 0.48715 1
0.38963 0.60993 1
0.38604 0.62762 1
0.19075 0.47664 1
0.48496 0.20399 1
0.47254 0.48845 1
0.51704 0.47117 1
0.71812 0.51072 1
0.52583 0.10616 1
0.53108 0.40109 1
0.34309 0.54698 1
0.51612 0.53205 1
0.78003 0.56049 1
0.6003 0.3667 1
0.58888 0.26172 1
0.62549 0.51944 1
0.39275 0.56282 1
0.42077 0.41634 1
0.49709 0.4106 1
0.67901 0.54301 1
0.42474 0.62663 1
0.38686 0.70331 1
0.24072 0.68779 1
0.39044 0.4736 1
0.60925 0.47415 1
0.73848 0.46879 1
0.77023 0.23418 1
0.33825 0.42193 1
0.16151 0.38836 1
0.48593 0.48906 1
0.47016 0.33327 1
0.57494 0.60696 1
0.37227 0.1986 1
0.29923 0.47424 1
0.51602 0.55761 1
0.37646 0.32556 1
0.48918 0.36954 1
0.59444 0.60825 1
0.40124 0.30526 1
0.4183 0.34434 1
0.23162 0.70626 1
0.49221 0.3478 1
0.43749 0.53091 1
0.38537 0.44146 1
0.30167 0.28416 1
0.29614 0.40186 1
0.4429 0.54824 1
0.60813 0.5591 1
0.1883 0.68487 1
0.48884 0.29354 1
0.4672 0.17768 1
0.48328 0.27627 1
0.55278 0.31879 1
0.39064 0.60809 1
0.46924 0.37947 1
0.37451 0.55395 1
0.3632 0.26559 1
0.53883 0.20274 1
0.54321 0.60204 1
0.25577 0.33209 1
0.38805 0.36336 1
0.24244 0.46885 1
0.28997 0.4684 1
0.52529 0.31645 1
0.19728 0.41036 1
0.56917 0.63671 1
0.48591 0.46966 1
0.28661 0.54241 1
0.72367 0.58188 1
0.59726 0.47864 1
0.28549 0.53128 1
0.45333 0.6892 1
0.53459 0.1271 1
0.22033 0.78468 1
0.61239 0.47798 1
0.38056 0.59602 1
0.37 0.39393 1
0.60686 0.46181 1
0.40557 0.51963 1
0.65918 0.43103 1
0.33423 0.49862 1
0.29347 0.14456 1
0.42802 0.43957 1
0.61318 0.38139 1
0.3855 0.28389 1
0.5825 0.51284 1
0.53953 0.51425 1
0.45121 0.54808 1
0.39631 0.69531 1
0.39504 0.45084 1
0.27572 0.26245 1
0.41298 0.40994 1
0.29792 0.34272 1
0.57228 0.50888 1
0.53608 0.56273 1
0.43603 0.42595 1
0.65953 0.46342 1
0.4836 0.27647 1
0.38769 0.42898 1
0.5864 0.42513 1
0.2929 0.63098 1
0.51038 0.37154 1
0.4389 0.62259 1
0.58334 0.34238 1
0.65737 0.34809 1
0.4197 0.47614 1
0.46816 0.55436 1
0.64595 0.45811 1
0.63555 0.46082 1
0.49891 0.39381 1
0.637 0.43212 1
0.58573 0.83161 1
0.6343 0.61555 1
0.34712 0.67096 1
0.67556 0.56421 1
0.74455 0.44944 1
0.52989 0.49694 1
0.59292 0.51044 1
0.37506 0.54124 1
0.60526 0.38608 1
0.37803 0.58643 1
0.66365 0.40782 1
0.56443 0.25892 1
0.47181 0.49141 1
0.56529 0.4102 1
0.34315 0.0743 1
0.48772 0.54149 1
0.61026 0.3723 1
0.54912 0.43905 1
0.42987 0.1376 1
0.42189 0.66783 1
0.62005 0.5663 1
0.88044 0.69266 1
0.51772 0.32034 1
0.58426 0.55095 1
0.69974 0.49718 1
0.45471 0.28482 1
0.367 0.46676 1
0.75311 0.54214 1
0.61878 0.76727 1
0.46024 0.23953 1
0.27842 0.34088 1
0.42752 0.50378 1
0.64872 0.61765 1
0.31732 0.67067 1
0.41785 0.24564 1
0.3451 0.45566 1
0.43195 0.54586 1
0.46467 0.38002 1
0.46521 0.44303 1
0.63785 0.76029 1
0.41577 0.35726 1
0.57134 0.51173 1
0.49263 0.4991 1
0.28571 0.56645 1
0.64572 0.0503 1
0.39345 0.42297 1
0.57356 0.49802 1
0.31309 0.35958 1
0.53491 0.56134 1
0.29881 0.40904 1
0.55653 0.48337 1
0.19136 0.61468 1
0.28505 0.23937 1
0.38876 0.60708 1
0.52363 0.27552 1
0.64945 0.37027 1
0.61603 0.352 1
0.4948 0.51861 1
0.64023 0.46394 1
0.45817 0.50252 1
0.54857 0.52235 1
0.56026 0.5618 1
0.67072 0.36299 1
0.29452 0.53633 1
0.28996 0.62565 1
0.5866 0.42816 1
0.39035 0.34869 1
0.3357 0.45816 1
0.52323 0.36485 1
0.608 0.44158 1
0.53374 0.12142 1
0.23911 0.82281 1
0.32066 0.46648 1
0.42898 0.4613 1
0.48622 0.86072 1
0.29797 0.55143 1
0.45355 0.19774 1
0.5012 0.43062 1
0.26213 0.4963 1
0.63358 0.42357 1
0.54951 0.38467 1
0.47755 0.52195 1
0.51923 0.53802 1
0.26793 0.40402 1
0.33049 0.38361 1
0.31197 0.37643 1
0.23544 0.47581 1
0.39219 0.25022 1
0.50404 0.42821 1
0.47603 0.46771 1
0.65539 0.47561 1
0.5261 0.35338 1
0.48281 0.47114 1
0.55 0.40635 1
0.71904 0.33729 1
0.58197 0.46086 1
0.60527 0.21523 1
0.31955 0.38844 1
0.34167 0.43635 1
0.29417 0.50365 1
0.49668 0.51199 1
0.37166 0.59178 1
0.39955 0.42314 1
0.46128 0.41205 1
0.24264 0.3232 1
0.57288 0.76675 1
0.41589 0.42587 1
0.22293 0.49926 1
0.7282 0.46665 1
0.56815 0.4368 1
0.50808 0.51822 1
0.63282 0.11359 1
0.60988 0.49807 1
0.38598 0.24983 1
0.58268 0.5428 1
0.34245 0.53869 1
0.49064 0.40888 1
0.4607 0.45585 1
0.65003 0.60558 1
0.33777 0.61533 1
0.58431 0.42559 1
0.52718 0.42709 1
0.56097 0.23043 1
0.51025 0.09664 1
0.54951 0.50705 1
0.52116 0.28586 1
0.53955 0.53215 1
0.55054 0.56015 1
0.51041 0.23607 1
0.63702 0.46442 1
0.36809 0.31384 1
0.40911 0.26226 1
0.64489 0.47307 1
0.4222 0.31007 1
0.60559 0.5106 1
0.483 0.65653 1
0.57889 0.25346 1
0.36786 0.41604 1
0.58195 0.70717 1
0.54205 0.45374 1
0.69863 0.42761 1
0.46065 0.55002 1
0.35654 0.52044 1
0.26352 0.45294 1
0.37129 0.46335 1
0.51429 0.13862 1
0.20445 0.42362 1
0.58739 0.60616 1
0.60496 0.32116 1
0.36448 0.29111 1
0.42165 0.55422 1
0.39633 0.30364 1
0.69246 0.29004 1
0.56021 0.36519 1
0.55897 0.50159 1
0.64849 0.51142 1
0.46434 0.28798 1
0.45798 0.55535 1
0.41811 0.38666 1
0.31839 0.4414 1
0.50709 0.54033 1
0.48342 0.57705 1
0.43238 0.33735 1
0.4842 0.71296 1
0.48036 0.54134 1
0.3774 0.38204 1
0.33629 0.59184 1
0.21844 0.49662 1
0.30395 0.3918 1
0.48528 0.41101 1
0.61678 0.53881 1
0.7399 0.69735 1
0.45132 0.50043 1
0.76572 0.29062 1
0.48105 0.21734 1
0.52474 0.4884 1
0.59627 0.34831 1
0.49402 0.6606 1
0.51773 0.49457 1
0.54278 0.68201 1
0.57732 0.19775 1
0.59834 0.75661 1
0.63548 0.31741 1
0.55552 0.61358 1
0.084 0.41869 1
0.44043 0.50027 1
0.34834 0.44497 1
0.50489 0.08601 1
0.34595 0.4155 1
0.38293 0.36485 1
0.41883 0.35748 1
0.66321 0.33712 1
0.43745 0.33826 1
0.60489 0.18884 1
0.47681 0.57101 1
0.66344 0.57602 1
0.33436 0.54456 1
0.50549 0.70216 1
0.65607 0.41642 1
0.54028 0.49222 1
0.2311 0.53659 1
0.57868 0.55893 1
0.40641 0.44134 1
0.50003 0.38329 1
0.29482 0.35883 1
0.4829 0.36307 1
0.36383 0.3644 1
0.57169 0.46475 1
0.29223 0.42831 1
0.35469 0.47226 1
0.48601 0.20533 1
0.40827 0.44927 1
0.34364 0.34599 1
0.47244 0.39935 1
0.73192 0.44136 1
0.39385 0.41133 1
0.32727 0.5158 1
0.39124 0.40847 1
0.47033 0.62536 1
0.71936 0.55445 1
0.65514 0.51509 1
0.27797 0.2838 1
0.67119 0.30307 1
0.62168 0.3848 1
0.41713 0.29187 1
0.57242 0.67207 1
0.39727 0.08381 1
0.40143 0.53509 1
0.55732 0.35579 1
0.44997 0.34409 1
0.4071 0.71247 1
0.69826 0.62889 1
0.23525 0.55139 1
0.67074 0.60113 1
0.47913 0.48587 1
0.45595 0.2153 1
0.42877 0.36033 1
0.48477 0.34145 1
0.33621 0.39789 1
0.77049 0.29612 1
0.79411 0.43957 1
0.47497 0.65433 1
0.52454 0.7176 1
0.46058 0.47049 1
0.74481 0.58167 1
0.25059 0.61938 1
0.48403 0.54308 1
0.39192 0.11204 1
0.5416 0.41945 1
0.5511 0.42603 1
0.68998 0.54971 1
0.70773 0.39675 1
0.26721 0.6264 1
0.45772 0.58703 1
0.60072 0.45069 1
0.40752 0.31601 1
0.26281 0.47355 1
0.5125 0.54258 1
0.13512 0.3226 1
0.55259 0.25342 1
0.56755 0.31933 1
0.3903 0.41848 1
0.66254 0.59181 1
0.47059 0.545 1
0.57124 0.40062 1
0.22834 0.27023 1
0.56158 0.65456 1
0.39921 0.32337 1
0.4438 0.44794 1
0.45077 0.47364 1
0.15366 0.29867 1
0.34235 0.67646 1
0.561 0.72164 1
0.23476 0.48778 1
0.48043 0.33237 1
0.41343 0.69071 1
0.44867 0.4911 1
0.24802 0.80195 1
0.59809 0.54633 1
0.51557 0.56582 1
0.57813 0.53581 1
0.62893 0.36124 1
0.54183 0.37693 1
0.45932 0.34561 1
0.25109 0.2915 1
0.56248 0.52326 1
0.57007 0.3206 1
0.31271 0.45463 1
0.31473 0.75717 1
0.45654 0.33246 1
0.66922 0.38185 1
0.44857 0.60116 1
0.59599 0.53356 1
0.40309 0.21444 1
0.45123 0.24049 1
0.26574 0.42077 1
0.34593 0.77727 1
0.47267 0.54104 1
0.58009 0.65244 1
0.53322 0.24893 1
0.29713 0.55169 1
0.61713 0.57098 1
0.43606 0.3386 1
0.65124 0.38209 1
0.75925 0.44775 1
0.49583 0.42276 1
0.65812 0.28795 1
0.6117 0.65202 1
0.49394 0.47704 1
0.49736 0.13519 1
0.55717 0.362 1
0.69058 0.6763 1
0.67674 0.38579 1
0.54879 0.51609 1
0.38814 0.54106 1
0.50895 0.43691 1
0.44746 0.32453 1
0.2043 0.47977 1
0.5506 0.33237 1
0.50531 0.57943 1
0.27688 0.27952 1
0.44568 0.61916 1
0.74152 0.32128 1
0.48365 0.64227 1
0.58564 0.64285 1
0.5894 0.51886 1
0.46067 0.63525 1
0.33146 0.4295 1
0.65367 0.42275 1
0.23522 0.29703 1
0.23213 0.52415 1
0.4612 0.31635 1
0.6906 0.63486 1
0.52321 0.46724 1
0.49616 0.36381 1
0.54822 0.51069 1
0.49709 0.54548 1
0.40557 0.5974 1
0.60205 0.47173 1
0.50199 0.48642 1
0.57004 0.43051 1
0.37913 0.39181 1
0.33807 0.34271 1
0.51366 0.71748 1
0.43018 0.39556 1
0.70731 0.53201 1
0.50313 0.55535 1
0.49226 0.81288 1
0.44864 0.52864 1
0.45988 0.47084 1
0.4696 0.5584 1
0.35151 0.45892 1
0.46926 0.46527 1
0.33097 0.39316 1
0.53957 0.42038 1
0.44251 0.39703 1
0.38017 0.48696 1
0.48591 0.78486 1
0.7226 0.56471 1
0.54669 0.4024 1
0.73094 0.30147 1
0.50672 0.01859 1
0.53769 0.44075 1
0.33396 0.74886 1
0.2946 0.39159 1
0.58464 0.38503 1
0.32123 0.41199 1
0.6027 0.30067 1
0.45392 0.52373 1
0.54985 0.30075 1
0.19857 0.54037 1
0.57435 0.10432 1
0.45829 0.30143 1
0.64018 0.42993 1
0.5976 0.40395 1
0.58233 0.76299 1
0.49996 0.34932 1
0.43343 0.59509 1
0.54394 0.55018 1
0.28233 0.36717 1
0.60545 0.41368 1
0.58333 0.4409 1
0.52321 0.38399 1
0.34734 0.25851 1
0.65137 0.57315 1
0.41747 0.4391 1
0.49833 0.32083 1
0.50896 0.3929 1
0.56927 0.32323 1
0.36383 0.63666 1
0.38371 0.37732 1
0.51931 0.61641 1
0.30094 0.17107 1
0.17966 0.4731 1
0.63683 0.55622 1
0.45253 0.14582 1
0.45666 0.49338 1
0.52568 0.50029 1
0.36615 0.49866 1
0.50042 0.32016 1
0.49262 0.4638 1
0.67937 0.38671 1
0.29174 0.33422 1
0.21926 0.48414 1
0.61151 0.15436 1
0.51747 0.58017 1
0.55498 0.39015 1
0.43789 0.65844 1
0.63292 0.38477 1
0.55607 0.50727 1
0.54067 0.21983 1
0.46815 0.33916 1
0.59979 0.48787 1
0.50724 0.42865 1
0.4674 0.0891 1
0.51488 0.19972 1
0.49333 0.24319 1
0.56646 0.50393 1
0.42594 0.3165 1
0.47954 0.29399 1
0.27298 0.44158 1
0.43255 0.44197 1
0.38369 0.18559 1
0.57663 0.39618 1
0.47516 0.55489 1
0.33224 0.55694 1
0.5995 0.51485 1
0.46854 0.42961 1
0.4691 0.36869 1
0.31392 0.35665 1
0.4735 0.51392 1
0.41548 0.32806 1
0.5775 0.38393 1
0.58064 0.48818 1
0.35026 0.27071 1
0.34294 0.5064 1
0.59742 0.39237 1
0.53493 0.56826 1
0.51186 0.44716 1
0.39241 0.27322 1
0.48916 0.37739 1
0.39038 0.46333 1
0.54298 0.24109 1
0.41312 0.48684 1
0.47748 0.40897 1
0.5142 0.43959 1
0.44936 0.4023 1
0.27415 0.4483 1
0.64739 0.31268 1
0.42086 0.43594 1
0.59854 0.31644 1
0.5814 0.57099 1
0.3512 0.58167 1
0.55079 0.43797 1
0.12383 0.425 1
0.33883 0.55538 1
0.4882 0.54567 1
0.66241 0.63107 1
0.43006 0.62092 1
0.45569 0.52647 1
0.31121 0.59421 1
0.44988 0.5334 1
0.49237 0.39163 1
0.42237 0.41438 1
0.45331 0.60236 1
0.32376 0.51655 1
0.39471 0.57045 1
0.41661 0.5158 1
0.4306 0.34738 1
0.375 0.50572 1
0.17759 0.54552 1
0.57344 0.39705 1
0.37136 0.52088 1
0.4796 0.35612 1
0.66847 0.53157 1
0.48969 0.4077 1
0.61966 0.54563 1
0.31922 0.39784 1
0.38559 0.3558 1
0.53965 0.15182 1
0.46367 0.13829 1
0.34271 0.52398 1
0.47833 0.36699 1
0.49107 0.46338 1
0.31819 0.43734 1
0.51615 0.5852 1
0.55659 0.49659 1
0.52171 0.50706 1
0.40392 0.44997 1
0.63989 0.61596 1
0.69788 0.50527 1
0.3895 0.35984 1
0.50119 0.51309 1
0.4431 0.37697 1
0.44833 0.303 1
0.38774 0.33911 1
0.55434 0.54322 1
0.43174 0.56873 1
0.42333 0.40172 1
0.48704 0.39961 1
0.35427 0.24593 1
0.7573 0.46925 1
0.50639 0.42686 1
0.24608 0.57363 1
0.40785 0.21455 1
0.48101 0.30824 1
0.36903 0.61486 1
0.5769 0.47077 1
0.53291 0.69679 1
0.31811 0.42934 1
0.43827 0.64785 1
0.52254 0.57146 1
0.46312 0.10768 1
0.64353 0.30063 1
0.67709 0.34682 1
0.32146 0.51733 1
0.51883 0.35527 1
0.42048 0.71051 1
0.54945 0.48128 1
0.54562 0.4035 1
0.56636 0.47246 1
0.56214 0.2818 1
0.45403 0.20794 1
0.49221 0.47091 1
0.90676 0.22337 1
0.47113 0.38512 1
0.44867 0.54948 1
0.33433 0.52641 1
0.41497 0.67202 1
0.57324 0.47578 1
0.31452 0.5189 1
0.39325 0.61166 1
0.37803 0.60691 1
0.18636 0.34697 1
0.27971 0.43529 1
0.33229 0.35188 1
0.48503 0.36786 1
0.54184 0.57655 1
0.23438 0.62655 1
0.54108 0.44028 1
0.49691 0.50294 1
0.43849 0.24555 1
0.75393 0.52057 1
0.31724 0.35542 1
0.51946 0.40838 1
0.37551 0.43368 1
0.47284 0.53072 1
0.59557 0.76015 1
0.5421 0.50762 1
0.47542 0.56376 1
0.38295 0.23852 1
0.88716 0.3534 1
0.25844 0.25225 1
0.39645 0.49562 1
0.55688 0.29724 1
0.29407 0.38481 1
0.35186 0.31847 1
0.52475 0.55625 1
0.36933 0.42921 1
0.19778 0.46197 1
0.44815 0.19327 1
0.22629 0.4124 1
0.61127 0.56209 1
0.50731 0.40228 1
0.27464 0.49505 1
0.55834 0.51678 1
0.65894 0.56939 1
0.01572 0.44403 1
0.66404 0.5498 1
0.37448 0.52226 1
0.29347 0.63213 1
0.39699 0.78609 1
0.644 0.33269 1
0.51015 0.66772 1
0.39416 0.53102 1
0.41999 0.5964 1
0.53289 0.34985 1
0.73731 0.55584 1
0.62223 0.44451 1
0.54939 0.34315 1
0.43528 0.53698 1
0.58599 0.49114 1
0.2665 0.39707 1
0.5635 0.39728 1
0.86229 0.42456 1
0.24935 0.70276 1
0.46827 0.58089 1
0.48117 0.36135 1
0.44225 0.3877 1
0.46271 0.47371 1
0.36312 0.35763 1
0.38922 0.36632 1
0.39737 0.54099 1
0.45435 0.57975 1
0.70565 0.48535 1
0.57322 0.41345 1
0.53851 0.4287 1
0.51472 0.45054 1
0.3454 0.54333 1
0.21477 0.43095 1
0.54505 0.54583 1
0.36553 0.35709 1
0.31421 0.64192 1
0.36317 0.46876 1
0.44917 0.47277 1
0.56383 0.35691 1
0.50268 0.18691 1
0.29135 0.54176 1
0.38188 0.26706 1
0.26412 0.51212 1
0.54447 0.64031 1
0.76342 0.44876 1
0.38516 0.4795 1
0.47667 0.61883 1
0.78536 0.36543 1
0.45015 0.34828 1
0.50308 0.35173 1
0.63852 0.81717 1
0.57042 0.48295 1
0.36132 0.36354 1
0.53878 0.50466 1
0.60716 0.46545 1
0.30147 0.36891 1
0.50683 0.73481 1
0.63715 0.33738 1
0.51063 0.61921 1
0.45799 0.50822 1
0.5585 0.6549 1
0.55649 0.3362 1
0.40181 0.28179 1
0.56756 0.37941 1
0.37042 0.34294 1
0.44866 0.57299 1
0.45994 0.5262 1
0.42359 0.31836 1
0.33444 0.33618 1
0.22916 0.57158 1
0.30624 0.53795 1
0.53303 0.39367 1
0.381 0.6425 1
0.5953 0.58525 1
0.35317 0.5523 1
0.45496 0.32882 1
0.21113 0.21386 1
0.37896 0.48655 1
0.24632 0.57205 1
0.14291 0.64926 1
0.44049 0.35203 1
0.50304 0.28894 1
0.3508 0.26829 1
0.41649 0.50332 1
0.25977 0.66494 1
0.4054 0.64893 1
0.51531 0.50375 1
0.26511 0.58007 1
0.54822 0.37793 1
0.60688 0.42705 1
0.64522 0.45909 1
0.43827 0.25557 1
0.29479 0.60108 1
0.62817 0.71075 1
0.42517 0.32378 1
0.56347 0.3473 1
0.7343 0.21853 1
0.67154 0.24619 1
0.57765 0.45112 1
0.58042 0.51903 1
0.4 0.44573 1
0.22208 0.40118 1
0.43382 0.48333 1
0.57499 0.35244 1
0.58371 0.38444 1
0.46125 0.20786 1
0.37542 0.58804 1
0.3451 0.53204 1
0.33732 0.23187 1
0.41041 0.56738 1
0.42782 0.28079 1
0.62518 0.35585 1
0.46327 0.43408 1
0.32633 0.48214 1
0.77252 0.5149 1
0.49257 0.54248 1
0.44057 0.22025 1
0.64163 0.52941 1
0.58649 0.49926 1
0.44565 0.36971 1
0.77283 0.43611 1
0.55951 0.23461 1
0.34935 0.49083 1
0.37672 0.29518 1
0.16766 0.3489 1
0.57687 0.54534 1
0.4473 0.66807 1
0.54136 0.46279 1
0.49695 0.47353 1
0.40688 0.41831 1
0.56887 0.62442 1
0.40288 0.2294 1
0.58143 0.30011 1
0.59529 0.57226 1
0.46672 0.49564 1
0.68831 0.39304 1
0.35768 0.57164 1
0.37254 0.48931 1
0.57362 0.35667 1
0.31604 0.53654 1
0.491 0.47038 1
0.73229 0.52389 1
0.39953 0.33355 1
0.7745 0.6191 1
0.5272 0.34958 1
0.33591 0.30929 1
0.52247 0.49257 1
0.66377 0.38319 1
0.40003 0.45192 1
0.32326 0.41367 1
0.57547 0.62452 1
0.48627 0.39539 1
0.38052 0.39939 1
0.38154 0.38081 1
0.56912 0.29232 1
0.27369 0.33073 1
0.60491 0.27855 1
0.35876 0.61665 1
0.34486 0.3472 1
0.21855 0.29469 1
0.54253 0.57314 1
0.46573 0.37078 1
0.39165 0.52575 1
0.54115 0.54556 1
0.62602 0.63373 1
0.57064 0.6439 1
0.42246 0.31376 1
0.34547 0.38782 1
0.47938 0.56857 1
0.36653 0.41684 1
0.61511 0.55778 1
0.45195 0.54503 1
0.55907 0.43513 1
0.252 0.41868 1
0.38648 0.38615 1
0.55326 0.16891 1
0.36262 0.5275 1
0.50441 0.53775 1
0.25899 0.45005 1
0.41556 0.57079 1
0.65622 0.45202 1
0.28496 0.4721 1
0.21577 0.37676 1
0.39354 0.69466 1
0.28466 0.53388 1
0.50438 0.52741 1
0.34709 0.55355 1
0.44452 0.59088 1
0.55745 0.60207 1
0.37263 0.48877 1
0.55688 0.25543 1
0.50409 0.60908 1
0.52843 0.32394 1
0.61499 0.70224 1
0.20797 0.67675 1
0.52408 0.22545 1
0.4704 0.50398 1
0.49266 0.48533 1
0.53887 0.10612 1
0.51612 0.52858 1
0.51101 0.54081 1
0.3548 0.30822 1
0.55028 0.54335 1
0.32314 0.75736 1
0.5347 0.59896 1
0.31214 0.63509 1
0.60369 0.35795 1
0.41874 0.4843 1
0.39339 0.58995 1
0.54346 0.55411 1
0.38604 0.57559 1
0.35024 0.61365 1
0.70395 0.42887 1
0.49552 0.30288 1
0.52537 0.6146 1
0.372 0.33312 1
0.55992 0.31824 1
0.43892 0.51796 1
0.53576 0.33067 1
0.33153 0.31803 1
0.40691 0.38303 1
0.46895 0.68116 1
0.41583 0.57396 1
0.35085 0.4553 1
0.26061 0.52275 1
0.71954 0.31008 1
0.34158 0.26723 1
0.54634 0.47925 1
0.55922 0.37163 1
0.33212 0.472 1
0.34679 0.46262 1
0.39556 0.57581 1
0.23584 0.42903 1
0.7233 0.36486 1
0.57657 0.5035 1
0.51425 0.40852 1
0.39009 0.42816 1
0.36395 0.65955 1
0.50541 0.37663 1
0.47047 0.6364 1
0.39365 0.46382 1
0.19513 0.28937 1
0.65133 0.52464 1
0.4151 0.51711 1
0.40662 0.25123 1
0.53752 0.48738 1
0.67572 0.4991 1
0.37114 0.48896 1
0.42155 0.33044 1
0.4962 0.40966 1
0.588 0.30595 1
0.48337 0.69912 1
0.78598 0.34557 1
0.35963 0.30547 1
0.70667 0.30659 1
0.37596 0.51148 1
0.52797 0.59992 1
0.76221 0.45365 1
0.64307 0.39901 1
0.61823 0.31653 1
0.54284 0.22023 1
0.40463 0.43158 1
0.34571 0.12679 1
0.46884 0.33577 1
0.5685 0.74576 1
0.55654 0.18384 1
0.36073 0.40964 1
0.60308 0.35892 1
0.58027 0.24969 1
0.41863 0.35744 1
0.46443 0.53611 1
0.5212 0.57576 1
0.72798 0.4777 1
0.33845 0.55289 1
0.48936 0.57311 1
0.15047 0.24459 1
0.30767 0.5322 1
0.20216 0.59098 1
0.34381 0.47252 1
0.5135 0.36364 1
0.49259 0.56569 1
0.3443 0.56014 1
0.5599 0.48268 1
0.40119 0.58654 1
0.52106 0.56332 1
0.40864 0.17102 1
0.53899 0.37848 1
0.39569 0.22796 1
0.23833 0.35794 1
0.68386 0.57415 1
0.32162 0.66029 1
0.40089 0.45826 1
0.35959 0.52771 1
0.49747 0.29272 1
0.3974 0.4989 1
0.43275 0.27051 1
0.18724 0.22083 1
0.37649 0.60526 1
0.39948 0.5379 1
0.52074 0.25016 1
0.44803 0.3859 1
0.38572 0.34643 1
0.53653 0.21376 1
0.41564 0.80983 1
0.50719 0.22166 1
0.60689 0.40635 1
0.6197 0.59061 1
0.32917 0.51795 1
0.39694 0.56235 1
0.47354 0.46749 1
0.39007 0.32521 1
0.68397 0.40819 1
0.58774 0.47393 1
0.20005 0.58223 1
0.81891 0.40609 1
0.44652 0.61799 1
0.67015 0.62604 1
0.56582 0.42297 1
0.42276 0.63112 1
0.36821 0.67718 1
0.50604 0.40202 1
0.48191 0.257 1
0.31629 0.24073 1
0.40962 0.43358 1
0.61099 0.48143 1
0.20852 0.37803 1
0.38621 0.55448 1
0.23282 0.4346 1
0.41478 0.41667 1
0.55938 0.46551 1
0.35757 0.32017 1
0.42802 0.25985 1
0.35566 0.29809 1
0.69396 0.38825 1
0.74768 0.306 1
0.54799 0.23143 1
0.57188 0.47062 1
0.46428 0.60847 1
0.39507 0.60741 1
0.32829 0.41086 1
0.59869 0.67854 1
0.5368 0.24617 1
0.50924 0.44832 1
0.75171 0.56596 1
0.33561 0.24113 1
0.68544 0.42698 1
0.49052 0.2637 1
0.44909 0.45067 1
0.54877 0.35444 1
0.45205 0.64882 1
0.41389 0.27304 1
0.60576 0.464 1
0.53318 0.67226 1
0.68999 0.41121 1
0.3585 0.50731 1
0.5539 0.50462 1
0.4876 0.37559 1
0.51611 0.36207 1
0.37376 0.54797 1
0.44896 0.40219 1
0.33483 0.48523 1
0.47792 0.55988 1
0.22795 0.21552 1
0.38363 0.45177 1
0.66042 0.43901 1
0.50764 0.56667 1
0.52156 0.35274 1
0.52674 0.44616 1
0.46747 0.62276 1
0.58405 0.47722 1
0.40901 0.39802 1
0.62534 0.6577 1
0.59855 0.77154 1
0.63583 0.5633 1
0.25365 0.45257 1
0.30147 0.67168 1
0.53193 0.48725 1
0.47849 0.37433 1
0.77413 0.23489 1
0.48176 0.40984 1
0.34061 0.12804 1
0.56977 0.3932 1
0.40015 0.67039 1
0.39751 0.62781 1
0.30168 0.47152 1
0.23932 0.58509 1
0.4679 0.59114 1
0.38912 0.38316 1
0.64085 0.42849 1
0.46305 0.17651 1
0.32659 0.38716 1
0.25047 0.44548 1
0.38728 0.5322 1
0.30618 0.44887 1
0.45723 0.17285 1
0.57914 0.36642 1
0.50292 0.46974 1
0.5109 0.34462 1
0.21805 0.38094 1
0.26364 0.29869 1
0.1698 0.57231 1
0.43352 0.30112 1
0.579 0.59215 1
0.14635 0.52033 1
0.38505 0.53379 1
0.93657 0.48581 1
0.42797 0.65959 1
0.49078 0.43952 1
0.45961 0.32321 1
0.59409 0.33173 1
0.42109 0.58838 1
0.42163 0.0339 1
0.50624 0.34979 1
0.41661 0.72313 1
0.23059 0.38357 1
0.48953 0.58932 1
0.48474 0.54388 1
0.75908 0.54954 1
0.40853 0.2468 1
0.44553 0.4523 1
0.39594 0.6783 1
0.43985 0.35614 1
0.58762 0.34442 1
0.55954 0.56434 1
0.73806 0.41458 1
0.44383 0.56826 1
0.57472 0.47441 1
0.39467 0.29178 1
0.3097 0.51544 1
0.40566 0.49661 1
0.37062 0.57226 1
0.41729 0.52208 1
0.45804 0.27292 1
0.28476 0.61124 1
0.31876 0.3576 1
0.63519 0.50421 1
0.28003 0.40556 1
0.59083 0.48958 1
0.5465 0.44181 1
0.46019 0.38086 1
0.41074 0.44822 1
0.60441 0.39634 1
0.62071 0.53664 1
0.45727 0.45219 1
0.40785 0.45886 1
0.61017 0.65562 1
0.32275 0.52867 1
0.39921 0.69379 1
0.61761 0.57713 1
0.45867 0.42782 1
0.48661 0.14476 1
0.49997 0.36791 1
0.48668 0.49073 1
0.57635 0.61642 1
0.4311 0.14588 1
0.26194 0.54296 1
0.73104 0.67003 1
0.56584 0.40398 1
0.53541 0.09763 1
0.24328 0.41138 1
0.50991 0.26495 1
0.32559 0.46481 1
0.44103 0.40011 1
0.29925 0.46514 1
0.39375 0.37585 1
0.42944 0.62328 1
0.11812 0.21469 1
0.53824 0.15074 1
0.50161 0.52153 1
0.63259 0.50835 1
0.5226 0.52346 1
0.4161 0.42019 1
0.11544 0.50105 1
0.67675 0.52286 1
0.63958 0.58424 1
0.40383 0.37916 1
0.49706 0.53179 1
0.39834 0.47669 1
0.27198 0.24617 1
0.59776 0.28278 1
0.55118 0.31431 1
0.63046 0.48872 1
0.64215 0.29635 1
0.4362 0.41193 1
0.29967 0.38942 1
0.45647 0.55371 1
0.66549 0.47391 1
0.66405 0.40714 1
0.49236 0.49568 1
0.59661 0.48265 1
0.70225 0.31 1
0.59549 0.36353 1
0.7108 0.63155 1
0.58895 0.1824 1
0.40306 0.50416 1
0.38981 0.66511 1
0.3327 0.46087 1
0.47643 0.51586 1
0.39837 0.38494 1
0.70411 0.24392 1
0.41695 0.32617 1
0.22855 0.28143 1
0.43849 0.55554 1
0.42407 0.62036 1
0.43894 0.30931 1
0.49371 0.59925 1
0.49943 0.71451 1
0.58438 0.61682 1
0.48183 0.4563 1
0.81633 0.44209 1
0.27445 0.59275 1
0.69089 0.5123 1
0.24679 0.33185 1
0.41479 0.61338 1
0.56593 0.26816 1
0.38853 0.43062 1
0.47484 0.46105 1
0.32886 0.28221 1
0.31339 0.49849 1
0.31063 0.41493 1
0.42159 0.58591 1
0.49713 0.54935 1
0.42267 0.41807 1
0.33263 0.30025 1
0.34089 0.55933 1
0.57859 0.52161 1
0.37898 0.31789 1
0.31613 0.71737 1
0.25607 0.39732 1
0.66249 0.6368 1
0.30643 0.47917 1
0.52774 0.30364 1
0.68071 0.639 1
0.74012 0.43293 1
0.28166 0.35233 1
0.53801 0.49977 1
0.33122 0.36237 1
0.37527 0.40482 1
0.33233 0.56691 1
0.60377 0.49142 1
0.50929 0.53928 1
0.52471 0.63446 1
0.60509 0.52714 1
0.42476 0.36433 1
0.6452 0.33183 1
0.60879 0.52863 1
0.31011 0.36138 1
0.49462 0.37498 1
0.40926 0.34004 1
0.49687 0.64993 1
0.68485 0.2996 1
0.22903 0.27558 1
0.71903 0.1426 1
0.55169 0.84395 1
0.63053 0.47072 1
0.30061 0.4707 1
0.35332 0.2671 1
0.41154 0.45219 1
0.69269 0.44758 1
0.32645 0.46136 1
0.45056 0.21927 1
0.56212 0.67609 1
0.52178 0.36631 1
0.5673 0.25125 1
0.47925 0.29667 1
0.67957 0.23138 1
0.48773 0.40922 1
0.39335 0.26552 1
0.43582 0.45455 1
0.44641 0.26365 1
0.3094 0.60027 1
0.47888 0.61068 1
0.28557 0.1358 1
0.44701 0.7232 1
0.24636 0.11393 1
0.47599 0.66641 1
0.55276 0.24161 1
0.46441 0.63741 1
0.42409 0.39428 1
0.30357 0.52701 1
0.7708 0.68341 1
0.44093 0.45802 1
0.43751 0.44072 1
0.51996 0.34708 1
0.43048 0.33723 1
0.43692 0.62848 1
0.15321 0.65205 1
0.37685 0.49697 1
0.563 0.18171 1
0.41283 0.39591 1
0.55418 0.2824 1
0.33245 0.19935 1
0.67807 0.44698 1
0.51151 0.63399 1
0.59947 0.2711 1
0.31854 0.49573 1
0.47756 0.81889 1
0.48014 0.86678 1
0.56482 0.50553 1
0.46545 0.16615 1
0.62471 0.33633 1
0.46603 0.68331 1
0.56146 0.47398 1
0.5211 0.48892 1
0.60553 0.53452 1
0.37354 0.60701 1
0.46896 0.58759 1
0.47381 0.42938 1
0.40735 0.35569 1
0.7113 0.33399 1
0.64902 0.47515 1
0.43784 0.39114 1
0.55297 0.37768 1
0.55936 0.48423 1
0.42845 0.41363 1
0.62524 0.50484 1
0.33936 0.59121 1
0.50131 0.51325 1
0.39193 0.59824 1
0.65095 0.50534 1
0.29682 0.73664 1
0.38068 0.17261 1
0.27422 0.38996 1
0.47847 0.54205 1
0.31838 0.61318 1
0.32893 0.36351 1
0.41555 0.37773 1
0.53613 0.48741 1
0.68579 0.29448 1
0.42722 0.57069 1
0.23652 0.76597 1
0.61277 0.52447 1
0.25678 0.75506 1
0.3747 0.37891 1
0.627 0.44119 1
0.55171 0.50957 1
0.52783 0.30793 1
0.52069 0.78412 1
0.42722 0.51688 1
0.40197 0.34356 1
0.59739 0.34509 1
0.52566 0.46358 1
0.57536 0.38296 1
0.38404 0.38832 1
0.52375 0.60564 1
0.41064 0.4182 1
0.6705 0.68489 1
0.51006 0.54904 1
0.37589 0.39159 1
0.42143 0.38343 1
0.37392 0.47212 1
0.59416 0.33232 1
0.3343 0.48265 1
0.44232 0.5155 1
0.60653 0.42511 1
0.25516 0.47303 1
0.5408 0.53363 1
0.55215 0.50882 1
0.33767 0.47871 1
0.64624 0.33579 1
0.28023 0.51546 1
0.56792 0.43811 1
0.42486 0.11256 1
0.50116 0.53418 1
0.35309 0.57205 1
0.16979 0.36103 1
0.59715 0.4335 1
0.68236 0.24688 1
0.61133 0.47886 1
0.5171 0.38116 1
0.59274 0.48763 1
0.66275 0.3956 1
0.26576 0.4609 1
0.64565 0.61666 1
0.71082 0.57299 1
0.41494 0.42417 1
0.55172 0.11722 1
0.52743 0.37224 1
0.42698 0.17306 1
0.23227 0.29371 1
0.16818 0.52696 1
0.52354 0.83945 1
0.56431 0.53093 1
0.37721 0.50186 1
0.40558 0.30614 1
0.37946 0.35717 1
0.3063 0.48746 1
0.45435 0.53114 1
0.49324 0.57819 1
0.42823 0.50909 1
0.19099 0.45568 1
0.36603 0.18225 1
0.67023 0.4906 1
0.49142 0.32986 1
0.50905 0.60397 1
0.49974 0.63126 1
0.45251 0.56423 1
0.51459 0.49047 1
0.41918 0.59011 1
0.44123 0.45215 1
0.42369 0.42194 1
0.48897 0.57908 1
0.47803 0.33883 1
0.55599 0.47321 1
0.34884 0.67999 1
0.34945 0.36353 1
0.55575 0.66108 1
0.5507 0.39281 1
0.39237 0.28017 1
0.4372 0.3724 1
0.33559 0.45216 1
0.26423 0.41083 1
0.34523 0.52735 1
0.41411 0.6956 1
0.47234 0.467 1
0.38264 0.48926 1
0.50212 0.23821 1
0.63485 0.23542 1
0.34147 0.51566 1
0.5956 0.60656 1
0.42948 0.57629 1
0.63526 0.43647 1
0.5733 0.59514 1
0.26033 0.43785 1
0.68178 0.47019 1
0.66137 0.52993 1
0.27534 0.53958 1
0.48196 0.65754 1
0.10851 0.51173 1
0.57672 0.03837 1
0.38935 0.65354 1
0.08869 0.20066 1
0.40522 0.48178 1
0.6061 0.50187 1
0.7637 0.46761 1
0.22702 0.31387 1
0.31988 0.36327 1
0.42893 0.55539 1
0.68025 0.43385 1
0.37341 0.44889 1
0.56599 0.35983 1
0.52059 0.58423 1
0.48594 0.50489 1
0.44474 0.58271 1
0.43566 0.44736 1
0.64921 0.38398 1
0.38299 0.42621 1
0.29577 0.42447 1
0.62973 0.27222 1
0.23182 0.50857 1
0.42467 0.43273 1
0.33448 0.33312 1
0.44105 0.64744 1
0.1888 0.6689 1
0.42502 0.31401 1
0.33944 0.48359 1
0.53406 0.53778 1
0.41821 0.51423 1
0.4487 0.67128 1
0.74718 0.365 1
0.55073 0.44341 1
0.45391 0.4915 1
0.47872 0.29236 1
0.60882 0.4061 1
0.31965 0.32997 1
0.30844 0.2763 1
0.41554 0.4075 1
0.13382 0.40974 1
0.63083 0.45842 1
0.53263 0.50882 1
0.45287 0.69991 1
0.60074 0.70384 1
0.44931 0.58787 1
0.57976 0.30508 1
0.25675 0.70729 1
0.37836 0.68524 1
0.57914 0.5813 1
0.27987 0.5093 1
0.35746 0.39972 1
0.38709 0.45783 1
0.43804 0.4733 1
0.58436 0.57916 1
0.57531 0.3744 1
0.17133 0.45751 1
0.28115 0.46826 1
0.63199 0.16597 1
0.61581 0.38188 1
0.52613 0.52078 1
0.45089 0.50457 1
0.62877 0.14092 1
0.61081 0.59326 1
0.27907 0.35205 1
0.74256 0.42015 1
0.59356 0.34841 1
0.56298 0.70112 1
0.64306 0.49443 1
0.59008 0.28209 1
0.44073 0.29702 1
0.47855 0.2841 1
0.61188 0.27768 1
0.66485 0.26709 1
0.3922 0.30348 1
0.77289 0.38913 1
0.63813 0.49022 1
0.42777 0.33017 1
0.46581 0.30942 1
0.51423 0.43422 1
0.25734 0.36571 1
0.45688 0.45366 1
0.46834 0.16704 1
0.34561 0.77062 1
0.51607 0.25713 1
0.58149 0.67118 1
0.47539 0.36347 1
0.49202 0.38347 1
0.50504 0.39985 1
0.48803 0.50425 1
0.40794 0.56442 1
0.34208 0.43556 1
0.48642 0.62959 1
0.57442 0.42295 1
0.45908 0.50587 1
0.3751 0.50746 1
0.64561 0.04441 1
0.7994 0.38436 1
0.57119 0.50809 1
0.62921 0.60598 1
0.50123 0.44245 1
0.61817 0.49994 1
0.49632 0.72733 1
0.17395 0.62656 1
0.31626 0.4345 1
0.53031 0.34378 1
0.52744 0.41396 1
0.48243 0.49444 1
0.29764 0.32357 1
0.46329 0.31873 1
0.5906 0.38759 1
0.18554 0.55154 1
0.33106 0.54066 1
0.32595 0.66824 1
0.56361 0.52304 1
0.43951 0.49943 1
0.39628 0.4651 1
0.05754 0.57262 1
0.47944 0.48787 1
0.46643 0.06455 1
0.43114 0.41873 1
0.44199 0.30737 1
0.3052 0.41856 1
0.32718 0.53838 1
0.54567 0.4212 1
0.15501 0.32004 1
0.59322 0.44374 1
0.44206 0.54155 1
0.3856 0.33767 1
0.3998 0.5383 1
0.48588 0.0792 1
0.24783 0.40165 1
0.61896 0.37865 1
0.53018 0.3936 1
0.37328 0.30704 1
0.36903 0.65289 1
0.45652 0.32853 1
0.48482 0.41906 1
0.44422 0.45315 1
0.46681 0.37827 1
0.69281 0.38869 1
0.39052 0.52652 1
0.62328 0.53156 1
0.42423 0.63116 1
0.2217 0.39178 1
0.34706 0.47691 1
0.46171 0.47463 1
0.53766 0.29889 1
0.32385 0.70007 1
0.60139 0.65467 1
0.6799 0.71468 1
0.59505 0.41957 1
0.50855 0.44981 1
0.40396 0.33021 1
0.59523 0.29422 1
0.49811 0.56831 1
0.35484 0.4299 1
0.52585 0.3739 1
0.57983 0.39341 1
0.5219 0.48971 1
0.30585 0.46008 1
0.40614 0.50444 1
0.30495 0.49746 1
0.75628 0.61206 1
0.57049 0.39232 1
0.42266 0.44303 1
0.54075 0.67047 1
0.34279 0.46492 1
0.35662 0.33708 1
0.59684 0.38428 1
0.57898 0.56015 1
0.55791 0.14966 1
0.582 0.43974 1
0.5602 0.6396 1
0.4122 0.48127 1
0.63967 0.4246 1
0.46693 0.29204 1
0.25384 0.49704 1
0.7858 0.50255 1
0.64925 0.31437 1
0.61733 0.18304 1
0.54475 0.52511 1
0.36643 0.7138 1
0.4703 0.42999 1
0.44892 0.49863 1
0.70689 0.61774 1
0.30978 0.3931 1
0.4807 0.58218 1
0.28988 0.46605 1
0.42058 0.27276 1
0.41062 0.52403 1
0.60998 0.56966 1
0.48057 0.64751 1
0.46421 0.30768 1
0.70151 0.29147 1
0.55714 0.40433 1
0.70898 0.41681 1
0.50365 0.66371 1
0.22358 0.56715 1
0.45205 0.39725 1
0.44534 0.25872 1
0.62754 0.44905 1
0.41607 0.50555 1
0.34718 0.50161 1
0.28269 0.60653 1
0.24968 0.29086 1
0.55478 0.47664 1
0.40869 0.36763 1
0.41787 0.45244 1
0.31008 0.43814 1
0.77108 0.36271 1
0.57669 0.42771 1
0.5899 0.5167 1
0.75589 0.3284 1
0.51617 0.26148 1
0.50815 0.83191 1
0.02202 0.43892 1
0.17103 0.3491 1
0.42509 0.43546 1
0.57036 0.3966 1
0.6691 0.41358 1
0.49529 0.6481 1
0.48209 0.57544 1
0.57443 0.68513 1
0.64355 0.34992 1
0.46211 0.50794 1
0.49439 0.50848 1
0.40579 0.68485 1
0.4748 0.31008 1
0.37032 0.22057 1
0.44386 0.56989 1
0.47974 0.31308 1
0.41437 0.47465 1
0.72593 0.55899 1
0.47465 0.3229 1
0.38768 0.67857 1
0.51229 0.68696 1
0.39832 0.61339 1
0.47311 0.24981 1
0.16362 0.597 1
0.68568 0.29234 1
0.64613 0.33254 1
0.59556 0.64764 1
0.62612 0.55535 1
0.70826 0.45556 1
0.44029 0.62279 1
0.52996 0.44365 1
0.39797 0.55919 1
0.4513 0.56663 1
0.36541 0.44904 1
0.42228 0.40467 1
0.503 0.53704 1
0.51724 0.41698 1
0.51389 0.50829 1
0.31734 0.31618 1
0.49824 0.62582 1
0.55883 0.44348 1
0.42488 0.45979 1
0.69876 0.60148 1
0.32634 0.64899 1
0.56261 0.57977 1
0.4963 0.28537 1
0.48838 0.54568 1
0.51261 0.22192 1
0.44602 0.5633 1
0.35646 0.37895 1
0.66288 0.51747 1
0.51606 0.31126 1
0.54096 0.11826 1
0.57739 0.48072 1
0.57727 0.38715 1
0.49569 0.42345 1
0.60214 0.11435 1
0.53257 0.72817 1
0.4934 0.41239 1
0.59248 0.30712 1
0.49419 0.50229 1
0.47546 0.42174 1
0.53792 0.49264 1
0.36969 0.42836 1
0.28831 0.39643 1
0.51308 0.68396 1
0.44222 0.324 1
0.3833 0.40224 1
0.51708 0.63159 1
0.31591 0.21547 1
0.64812 0.56018 1
0.46551 0.49347 1
0.4485 0.44882 1
0.53955 0.46298 1
0.3973 0.5737 1
0.65522 0.24679 1
0.57593 0.27579 1
0.44991 0.30448 1
0.23108 0.45609 1
0.32917 0.37774 1
0.42028 0.50752 1
0.55714 0.1439 1
0.69277 0.55624 1
0.44606 0.54717 1
0.73559 0.69635 1
0.83973 0.59012 1
0.47086 0.39654 1
0.51652 0.52395 1
0.58229 0.47641 1
0.56136 0.4085 1
0.60765 0.60328 1
0.84466 0.42079 1
0.3269 0.194 1
0.56359 0.42546 1
0.43368 0.28776 1
0.40006 0.53679 1
0.33541 0.44114 1
0.46762 0.56807 1
0.43703 0.55952 1
0.4624 0.42534 1
0.46156 0.6305 1
0.31768 0.47295 1
0.5545 0.41811 1
0.61822 0.39191 1
0.63773 0.63173 1
0.48687 0.5769 1
0.65615 0.41741 1
0.7562 0.42281 1
0.60591 0.34976 1
0.55952 0.64237 1
0.50783 0.52987 1
0.39007 0.44553 1
0.63173 0.54376 1
0.28857 0.3268 1
0.43904 0.56725 1
0.55312 0.5354 1
0.68075 0.52187 1
0.55796 0.36917 1
0.44496 0.50452 1
0.44689 0.4081 1
0.58209 0.50539 1
0.51039 0.47987 1
0.40549 0.35789 1
0.15916 0.51491 1
0.32067 0.75395 1
0.43162 0.50298 1
0.37149 0.45505 1
0.60729 0.54978 1
0.71977 0.6397 1
0.48996 0.47345 1
0.30988 0.25288 1
0.59857 0.46957 1
0.60439 0.65962 1
0.42412 0.26021 1
0.41536 0.54651 1
0.67186 0.54854 1
0.54204 0.56794 1
0.29862 0.31517 1
0.40429 0.5555 1
0.75242 0.37863 1
0.35144 0.60726 1
0.44294 0.36866 1
0.44645 0.33492 1
0.47157 0.42559 1
0.50693 0.32675 1
0.37254 0.28604 1
0.49118 0.36451 1
0.48608 0.276 1
0.43774 0.36934 1
0.41023 0.73366 1
0.39899 0.51568 1
0.39497 0.20893 1
0.44155 0.52537 1
0.33522 0.4097 1
0.68363 0.3363 1
0.28607 0.44647 1
0.64031 0.35164 1
0.76437 0.40153 1
0.45722 0.60329 1
0.69443 0.49598 1
0.47839 0.09781 1
0.35045 0.43844 1
0.42005 0.33115 1
0.36399 0.42113 1
0.68118 0.55496 1
0.38085 0.38907 1
0.42087 0.7282 1
0.74309 0.50447 1
0.75039 0.49727 1
0.63307 0.23688 1
0.41156 0.50333 1
0.56604 0.56078 1
0.38433 0.65445 1
0.54875 0.45222 1
0.57705 0.4985 1
0.60816 0.52887 1
0.74666 0.58145 1
0.1252 0.43965 1
0.38508 0.41003 1
0.46781 0.376 1
0.7916 0.35882 1
0.62671 0.39395 1
0.35718 0.50369 1
0.40137 0.44768 1
0.52463 0.42817 1
0.53668 0.64619 1
0.42488 0.49744 1
0.46454 0.39454 1
0.57292 0.29727 1
0.83027 0.40152 1
0.59581 0.59452 1
0.81455 0.60861 1
0.38856 0.46883 1
0.60989 0.25706 1
0.39775 0.6306 1
0.47791 0.29958 1
0.51753 0.36871 1
0.61742 0.59648 1
0.79923 0.59983 1
0.39572 0.8043 1
0.40846 0.50979 1
0.55099 0.68299 1
0.44949 0.19171 1
0.46693 0.40195 1
0.40593 0.38915 1
0.44299 0.42715 1
0.77098 0.38779 1
0.59327 0.36436 1
0.48218 0.32176 1
0.51525 0.92896 1
0.48493 0.57451 1
0.35187 0.60877 1
0.49577 0.63808 1
0.60351 0.75043 1
0.58941 0.51438 1
0.47929 0.69638 1
0.45957 0.29672 1
0.52523 0.41991 1
0.40926 0.49856 1
0.66148 0.39993 1
0.2856 0.63765 1
0.6322 0.60521 1
0.66526 0.55737 1
0.19496 0.59481 1
0.49382 0.46244 1
0.55716 0.53431 1
0.21683 0.36152 1
0.43947 0.52221 1
0.39013 0.58133 1
0.24642 0.74034 1
0.57886 0.66603 1
0.3294 0.57933 1
0.43285 0.39992 1
0.58121 0.32542 1
0.56001 0.58261 1
0.42213 0.31667 1
0.57403 0.47057 1
0.58885 0.46966 1
0.50408 0.35497 1
0.57384 0.60015 1
0.3071 0.58001 1
0.39002 0.43171 1
0.36154 0.2346 1
0.78953 0.32631 1
0.58879 0.45223 1
0.46404 0.34065 1
0.63489 0.66807 1
0.38978 0.41734 1
0.49481 0.33836 1
0.53413 0.44219 1
0.58278 0.53445 1
0.57591 0.39376 1
0.69787 0.54194 1
0.43549 0.35752 1
0.43879 0.61709 1
0.57929 0.13006 1
0.6966 0.41084 1
0.28984 0.20172 1
0.76804 0.384 1
0.31266 0.56949 1
0.34267 0.50037 1
0.59026 0.21968 1
0.50838 0.4684 1
0.59445 0.48332 1
0.39848 0.62302 1
0.22337 0.60714 1
0.55769 0.40749 1
0.19581 0.53328 1
0.22937 0.24325 1
0.58453 0.41993 1
0.46905 0.47945 1
0.67238 0.58824 1
0.70205 0.54167 1
0.60803 0.56075 1
0.54137 0.39545 1
0.53642 0.53206 1
0.44748 0.18952 1
0.46235 0.46534 1
0.47854 0.53394 1
0.42213 0.46323 1
0.37985 0.41354 1
0.38332 0.47704 1
0.47984 0.31943 1
0.63889 0.49756 1
0.33835 0.38973 1
0.69605 0.40986 1
0.69453 0.12684 1
0.25651 0.58495 1
0.68774 0.43763 1
0.91271 0.22477 1
0.36056 0.51577 1
0.66535 0.47881 1
0.42969 0.43434 1
0.36101 0.23409 1
0.61667 0.43265 1
0.49018 0.52193 1
0.47448 0.31629 1
0.29062 0.3272 1
0.62581 0.65526 1
0.37319 0.26744 1
0.51373 0.51079 1
0.38497 0.5032 1
0.58745 0.52051 1
0.62883 0.32661 1
0.42132 0.36558 1
0.40563 0.23602 1
0.51084 0.48445 1
0.31172 0.11813 1
0.41427 0.59419 1
0.51639 0.43391 1
0.57598 0.20947 1
0.55505 0.36444 1
0.48289 0.67889 1
0.51648 0.51305 1
0.41835 0.65646 1
0.52009 0.43454 1
0.47916 0.52695 1
0.64294 0.428 1
0.69033 0.60458 1
0.40426 0.54006 1
0.49406 0.51128 1
0.30373 0.54214 1
0.6646 0.56021 1
0.51607 0.27139 1
0.39617 0.20597 1
0.81416 0.54052 1
0.37962 0.4162 1
0.38177 0.54245 1
0.42274 0.45825 1
0.1575 0.51042 1
0.2623 0.48634 1
0.57395 0.42083 1
0.50646 0.21046 1
0.62249 0.20384 1
0.35619 0.77531 1
0.41847 0.3967 1
0.51008 0.46639 1
0.49629 0.51784 1
0.23508 0.54953 1
0.5839 0.32184 1
0.6382 0.39726 1
0.59437 0.41867 1
0.42371 0.26424 1
0.35748 0.34351 1
0.40865 0.58029 1
0.45543 0.40037 1
0.60695 0.42946 1
0.50844 0.47223 1
0.44156 0.61813 1
0.25582 0.49209 1
0.74915 0.41769 1
0.76959 0.58365 1
0.64789 0.54679 1
0.29316 0.4478 1
0.66782 0.69894 1
0.49433 0.55113 1
0.23767 0.34587 1
0.39956 0.37848 1
0.51342 0.61121 1
0.49171 0.86806 1
0.50987 0.28507 1
0.47062 0.47477 1
0.44438 0.2787 1
0.65344 0.39403 1
0.28128 0.50889 1
0.43921 0.41757 1
0.33645 0.42286 1
0.19472 0.36811 1
0.3493 0.381 1
0.50283 0.55453 1
0.27854 0.42112 1
0.35787 0.50312 1
0.41778 0.52958 1
0.2267 0.25066 1
0.47282 0.53715 1
0.45499 0.78589 1
0.65462 0.34879 1
0.45086 0.40275 1
0.63311 0.41968 1
0.52261 0.39463 1
0.38399 0.43825 1
0.69967 0.52761 1
0.6673 0.48536 1
0.5417 0.44048 1
0.62208 0.52052 1
0.43836 0.46241 1
0.56966 0.4385 1
0.45248 0.42292 1
0.59564 0.22608 1
0.54025 0.45326 1
0.48091 0.53427 1
0.49917 0.69375 1
0.63629 0.54611 1
0.41852 0.28302 1
0.59613 0.76377 1
0.57198 0.70547 1
0.69068 0.74302 1
0.60005 0.63264 1
0.54881 0.38807 1
0.60371 0.32255 1
0.52782 0.55899 1
0.56883 0.28981 1
0.55509 0.45193 1
0.33445 0.62631 1
0.64379 0.44926 1
0.53495 0.53654 1
0.44369 0.31142 1
0.45249 0.4218 1
0.63808 0.46888 1
0.50906 0.41487 1
0.42357 0.36405 1
0.55104 0.62057 1
0.64915 0.47699 1
0.37708 0.32248 1
0.62889 0.35488 1
0.53924 0.54905 1
0.32988 0.32877 1
0.61656 0.39051 1
0.4145 0.60974 1
0.56755 0.7104 1
0.63158 0.39416 1
0.42709 0.55981 1
0.24522 0.38721 1
0.51722 0.63721 1
0.37982 0.79251 1
0.15238 0.38527 1
0.33675 0.53492 1
0.34853 0.37805 1
0.41837 0.40852 1
0.61513 0.36774 1
0.45694 0.32264 1
0.30193 0.39995 1
0.44224 0.48366 1
0.81856 0.28567 1
0.73317 0.64666 1
0.3731 0.31325 1
0.47407 0.33695 1
0.23096 0.49282 1
0.38363 0.35538 1
0.11941 0.37877 1
0.47175 0.91241 1
0.7113 0.59027 1
0.57221 0.63272 1
0.57696 0.5991 1
0.52033 0.5436 1
0.57105 0.36332 1
0.70618 0.4823 1
0.26214 0.38525 1
0.31478 0.51738 1
0.25163 0.46194 1
0.62825 0.41974 1
0.40263 0.41515 1
0.42209 0.44187 1
0.59212 0.58903 1
0.30045 0.53988 1
0.57518 0.58117 1
0.22558 0.48782 1
0.44105 0.49227 1
0.38479 0.37524 1
0.65685 0.4805 1
0.22431 0.55727 1
0.45539 0.35435 1
0.53382 0.72131 1
0.60436 0.47247 1
0.43996 0.24512 1
0.62014 0.49925 1
0.41607 0.13095 1
0.48541 0.25131 1
0.51313 0.41822 1
0.38774 0.54292 1
0.53695 0.53023 1
0.33972 0.56137 1
0.63996 0.42867 1
0.44614 0.12635 1
0.57789 0.46141 1
0.54856 0.3773 1
0.72228 0.40641 1
0.45259 0.59241 1
0.28762 0.6222 1
0.53956 0.47472 1
0.51048 0.53992 1
0.41726 0.34562 1
0.49191 0.52906 1
0.3117 0.41778 1
0.437 0.41409 1
0.22593 0.56441 1
0.35905 0.56605 1
0.66898 0.31717 1
0.41276 0.34395 1
0.47103 0.24238 1
0.42543 0.65997 1
0.76587 0.73653 1
0.36075 0.61504 1
0.3662 0.3685 1
0.67867 0.47037 1
0.34316 0.48736 1
0.43843 0.69692 1
0.50807 0.40974 1
0.68496 0.73904 1
0.46636 0.64808 1
0.23541 0.57896 1
0.61377 0.40986 1
0.49399 0.39804 1
0.29208 0.40559 1
0.61989 0.36815 1
0.35137 0.52974 1
0.48625 0.34979 1
0.61271 0.40265 1
0.49132 0.42661 1
0.43927 0.55478 1
0.48197 0.44295 1
0.28286 0.3425 1
0.69967 0.50629 1
0.72778 0.45486 1
0.33745 0.40222 1
0.30456 0.39411 1
0.57783 0.51059 1
0.54572 0.44221 1
0.30829 0.66635 1
0.49631 0.60695 1
0.37883 0.44309 1
0.59427 0.56237 1
0.38133 0.47737 1
0.85353 0.35153 1
0.18075 0.52631 1
0.5115 0.55743 1
0.61696 0.24712 1
0.41266 0.27959 1
0.4947 0.27996 1
0.67582 0.57588 1
0.36807 0.40949 1
0.42213 0.68719 1
0.52713 0.36591 1
0.59372 0.40696 1
0.60042 0.39093 1
0.54745 0.62602 1
0.39163 0.59183 1
0.63902 0.56328 1
0.42151 0.73439 1
0.28191 0.6697 1
0.57904 0.51442 1
0.4005 0.37016 1
0.17441 0.42699 1
0.41593 0.49631 1
0.49082 0.38689 1
0.43076 0.3476 1
0.57741 0.29175 1
0.55575 0.26842 1
0.37205 0.38325 1
0.48358 0.4211 1
0.6108 0.351 1
0.70398 0.29019 1
0.23974 0.53571 1
0.63697 0.53106 1
0.21742 0.29494 1
0.21485 0.4504 1
0.5723 0.63778 1
0.61539 0.61684 1
0.6342 0.50982 1
0.65162 0.5498 1
0.47277 0.39215 1
0.36088 0.26768 1
0.63247 0.37669 1
0.38574 0.44808 1
0.63959 0.58559 1
0.48156 0.67326 1
0.4597 0.26502 1
0.33776 0.35407 1
0.26008 0.62077 1
0.42664 0.27163 1
0.49202 0.4287 1
0.35869 0.61854 1
0.46328 0.27023 1
0.46546 0.27048 1
0.35542 0.34581 1
0.59445 0.45372 1
0.47966 0.42766 1
0.63514 0.42751 1
0.2837 0.13987 1
0.40737 0.35823 1
0.55624 0.28755 1
0.5666 0.67413 1
0.35316 0.23763 1
0.21498 0.36536 1
0.36821 0.3963 1
0.45154 0.67577 1
0.55219 0.3531 1
0.42751 0.20503 1
0.29271 0.13831 1
0.43877 0.34244 1
0.70119 0.47725 1
0.45685 0.49092 1
0.47424 0.40327 1
0.3927 0.59327 1
0.63492 0.42825 1
0.17868 0.368 1
0.35044 0.40233 1
0.56032 0.66612 1
0.6337 0.54932 1
0.44534 0.55809 1
0.59592 0.44778 1
0.4599 0.64474 1
0.68572 0.47348 1
0.52789 0.28778 1
0.56666 0.37247 1
0.65969 0.2633 1
0.69747 0.54148 1
0.20342 0.28151 1
0.6915 0.36486 1
0.54498 0.40991 1
0.6191 0.36221 1
0.54735 0.28087 1
0.54808 0.57115 1
0.50503 0.54587 1
0.49926 0.6819 1
0.25794 0.53312 1
0.53299 0.43155 1
0.24721 0.32183 1
0.4381 0.41387 1
0.3305 0.24261 1
0.42243 0.55034 1
0.38307 0.6742 1
0.56825 0.42341 1
0.61848 0.42397 1
0.50964 0.35968 1
0.57921 0.28886 1
0.32069 0.36707 1
0.56944 0.51585 1
0.37434 0.60505 1
0.5662 0.41995 1
0.62297 0.43959 1
0.60725 0.30004 1
0.40035 0.56139 1
0.29683 0.46511 1
0.40824 0.38765 1
0.37869 0.44416 1
0.61423 0.32767 1
0.44159 0.3813 1
0.36935 0.53782 1
0.61254 0.42812 1
0.48243 0.53131 1
0.68918 0.41074 1
0.63499 0.57129 1
0.50191 0.45114 1
0.36555 0.67897 1
0.54972 0.19677 1
0.45058 0.45347 1
0.53985 0.41671 1
0.71136 0.53305 1
0.36638 0.50637 1
0.65841 0.58503 1
0.35776 0.36394 1
0.63982 0.23308 1
0.73244 0.37333 1
0.56169 0.31618 1
0.33513 0.60115 1
0.55562 0.35196 1
0.19643 0.39121 1
0.49871 0.34086 1
0.33488 0.64428 1
0.4734 0.33217 1
0.40188 0.4319 1
0.38391 0.44786 1
0.56336 0.39482 1
0.47953 0.34757 1
0.59905 0.3509 1
0.38342 0.37043 1
0.46064 0.69408 1
0.40303 0.52303 1
0.7061 0.53328 1
0.39253 0.29248 1
0.4232 0.52635 1
0.64044 0.50298 1
0.27846 0.64963 1
0.54933 0.48157 1
0.43437 0.17408 1
0.27014 0.45107 1
0.48542 0.24751 1
0.52572 0.43551 1
0.49279 0.54848 1
0.44563 0.53575 1
0.5159 0.47328 1
0.26571 0.53385 1
0.60355 0.18601 1
0.82705 0.48325 1
0.74409 0.62553 1
0.50976 0.55127 1
0.7502 0.1565 1
0.2187 0.40691 1
0.71107 0.45722 1
0.22355 0.40157 1
0.18331 0.46816 1
0.36323 0.46065 1
0.6124 0.57701 1
0.31709 0.57831 1
0.61276 0.46544 1
0.46057 0.59339 1
0.27919 0.67292 1
0.27424 0.53783 1
0.57853 0.41606 1
0.35394 0.39993 1
0.45323 0.17112 1
0.4322 0.52392 1
0.55669 0.44311 1
0.29026 0.46284 1
0.78897 0.56106 1
0.33627 0.38815 1
0.43442 0.3673 1
0.61964 0.54156 1
0.49042 0.37767 1
0.47402 0.41526 1
0.49228 0.39231 1
0.53796 0.39288 1
0.29177 0.63965 1
0.64662 0.41448 1
0.38707 0.48035 1
0.4253 0.55663 1
0.29208 0.34334 1
0.52367 0.34225 1
0.41673 0.0396 1
0.5463 0.34724 1
0.66793 0.51904 1
0.54525 0.40701 1
0.66891 0.68275 1
0.56671 0.47724 1
0.43962 0.7285 1
0.23456 0.47787 1
0.48004 0.54602 1
0.48726 0.38857 1
0.32348 0.67627 1
0.5322 0.58903 1
0.65602 0.6407 1
0.49393 0.43015 1
0.32043 0.386 1
0.34642 0.34786 1
0.29227 0.4145 1
0.526 0.26841 1
0.64037 0.19054 1
0.28933 0.26497 1
0.4276 0.53519 1
0.56211 0.4552 1
0.32224 0.53374 1
0.40918 0.60533 1
0.30322 0.29901 1
0.45254 0.45148 1
0.34378 0.48083 1
0.43066 0.57921 1
0.46435 0.1872 1
0.57037 0.33651 1
0.46762 0.24663 1
0.56125 0.46044 1
0.72874 0.28741 1
0.46925 0.51975 1
0.57827 0.60383 1
0.62056 0.47485 1
0.48422 0.29581 1
0.2915 0.2162 1
0.70457 0.45796 1
0.29219 0.26019 1
0.46593 0.48449 1
0.12097 0.52045 1
0.51394 0.45615 1
0.36642 0.49864 1
0.52775 0.0 1
0.6658 0.45649 1
0.59235 0.34889 1
0.64784 0.35033 1
0.33718 0.44398 1
0.58033 0.39306 1
0.3899 0.39455 1
0.44758 0.5494 1
0.51974 0.62608 1
0.54525 0.56923 1
0.40174 0.64615 1
0.36235 0.57367 1
0.6218 0.42495 1
0.48054 0.34381 1
0.56595 0.25019 1
0.62275 0.22209 1
0.45083 0.69538 1
0.39157 0.20904 1
0.57424 0.4845 1
0.07404 0.67065 1
0.45281 0.32754 1
0.38852 0.53338 1
0.60284 0.54166 1
0.4499 0.37531 1
0.44938 0.43097 1
0.26927 0.48291 1
0.65184 0.47727 1
0.54828 0.55687 1
0.54584 0.22995 1
0.61168 0.33435 1
0.23038 0.74083 1
0.52926 0.40845 1
0.32041 0.49858 1
0.44913 0.42393 1
0.32975 0.60194 1
0.5182 0.45299 1
0.286 0.42074 1
0.77153 0.41086 1
0.44242 0.48314 1
0.36969 0.50745 1
0.1512 0.47629 1
0.46015 0.42402 1
0.36583 0.54216 1
0.32743 0.50783 1
0.59187 0.57956 1
0.45716 0.41111 1
0.48889 0.42524 1
0.50048 0.24465 1
0.45333 0.43922 1
0.48575 0.26413 1
0.5359 0.44874 1
0.44028 0.56325 1
0.25078 0.52757 1
0.37621 0.47684 1
0.30615 0.36367 1
0.43943 0.34549 1
0.46217 0.42776 1
0.55507 0.45235 1
0.26297 0.46333 1
0.43777 0.37253 1
0.29128 0.69531 1
0.38713 0.3217 1
0.45705 0.39676 1
0.45002 0.68163 1
0.42408 0.35047 1
0.28639 0.40128 1
0.46438 0.52741 1
0.35031 0.48531 1
0.45417 0.34155 1
0.5301 0.34795 1
0.75198 0.48594 1
0.51317 0.63869 1
0.70509 0.49331 1
0.33274 0.38327 1
0.27556 0.40214 1
0.36279 0.60794 1
0.8149 0.59524 1
0.51577 0.51093 1
0.61762 0.18987 1
0.37668 0.55498 1
0.18408 0.54556 1
0.35979 0.39541 1
0.63618 0.38237 1
0.62552 0.60116 1
0.43604 0.58462 1
0.25934 0.80087 1
0.58774 0.59866 1
0.52015 0.44685 1
0.6861 0.55299 1
0.72928 0.59222 1
0.35188 0.37267 1
0.48453 0.60749 1
0.44897 0.46039 1
0.58945 0.5801 1
0.68651 0.3919 1
0.5027 0.51992 1
0.29027 0.16821 1
0.27807 0.20446 1
0.57667 0.64369 1
0.65475 0.54034 1
0.34433 0.79252 1
0.53617 0.22738 1
0.54524 0.52252 1
0.6876 0.42102 1
0.65347 0.09938 1
0.30666 0.14555 1
0.54474 0.27816 1
0.42226 0.54115 1
0.31111 0.43224 1
0.76196 0.38496 1
0.39467 0.39623 1
0.40848 0.43393 1
0.73078 0.27488 1
0.18315 0.49928 1
0.77652 0.40462 1
0.56009 0.25775 1
0.27101 0.60445 1
0.79392 0.2305 1
0.55985 0.64931 1
0.28682 0.55748 1
0.30163 0.28318 1
0.68638 0.23675 1
0.43837 0.89916 1
0.1747 0.18093 1
0.72343 0.42512 1
0.40884 0.33121 1
0.21894 0.32762 1
0.34254 0.35719 1
0.51582 0.59752 1
0.57585 0.49194 1
0.33797 0.42652 1
0.38597 0.27075 1
0.46754 0.48795 1
0.73899 0.15401 1
0.47434 0.26287 1
0.3332 0.60034 1
0.47776 0.31035 1
0.64051 0.72964 1
0.44913 0.25415 1
0.35423 0.53365 1
0.63919 0.26932 1
0.18837 0.64127 1
0.40616 0.50314 1
0.44502 0.51323 1
0.66859 0.47772 1
0.41137 0.39804 1
0.42557 0.44258 1
0.28419 0.46672 1
0.42774 0.35566 1
0.62148 0.49073 1
0.45508 0.54805 1
0.56536 0.48619 1
0.51395 0.50979 1
0.64686 0.46295 1
0.5437 0.25562 1
0.53152 0.3934 1
0.55181 0.33131 1
0.23326 0.4303 1
0.47435 0.3875 1
0.71816 0.58286 1
0.54284 0.42385 1
0.3247 0.52847 1
0.39827 0.32297 1
0.42415 0.28806 1
0.75009 0.516 1
0.6145 0.22281 1
0.62956 0.50896 1
0.27037 0.39121 1
0.5165 0.56708 1
0.56331 0.4669 1
0.32029 0.18046 1
0.58065 0.45049 1
0.4796 0.44385 1
0.50481 0.36478 1
0.46371 0.48812 1
0.48319 0.41129 1
0.60044 0.41118 1
0.21919 0.65734 1
0.49543 0.30449 1
0.58969 0.49551 1
0.46209 0.26575 1
0.4017 0.31206 1
0.59751 0.49963 1
0.82252 0.35248 1
0.6933 0.41714 1
0.5734 0.43522 1
0.25453 0.37302 1
0.38626 0.55091 1
0.50588 0.58531 1
0.48939 0.82247 1
0.34881 0.78211 1
0.5241 0.63266 1
0.35375 0.63964 1
0.46601 0.62704 1
0.63174 0.56947 1
0.5765 0.67148 1
0.38691 0.60772 1
0.54939 0.43523 1
0.70143 0.44438 1
0.39953 0.4125 1
0.37837 0.59995 1
0.27623 0.40446 1
0.24475 0.47568 1
0.66239 0.42547 1
0.43558 0.48288 1
0.48864 0.30283 1
0.82143 0.44042 1
0.35407 0.40204 1
0.48012 0.6022 1
0.68555 0.48843 1
0.6519 0.62036 1
0.46724 0.25341 1
0.53375 0.30443 1
0.5885 0.42394 1
0.45491 0.51343 1
0.44634 0.34935 1
0.55267 0.61446 1
0.1071 0.3553 1
0.35253 0.36834 1
0.72766 0.55444 1
0.2431 0.51121 1
0.37723 0.12938 1
0.38204 0.59771 1
0.34383 0.54181 1
0.37158 0.51306 1
0.56443 0.57481 1
0.35055 0.65355 1
0.50874 0.52269 1
0.39795 0.62859 1
0.46803 0.52935 1
0.55141 0.44826 1
0.55246 0.7306 1
0.49896 0.33457 1
0.48585 0.52457 1
0.50751 0.30586 1
0.52654 0.58691 1
0.52437 0.52655 1
0.46849 0.17445 1
0.24336 0.56914 1
0.50635 0.49325 1
0.54782 0.41085 1
0.47069 0.52699 1
0.6113 0.40905 1
0.56478 0.27721 1
0.28858 0.72231 1
0.4997 0.43213 1
0.44841 0.50197 1
0.39083 0.2189 1
0.70757 0.55954 1
0.5325 0.53285 1
0.47684 0.51431 1
0.71467 0.43338 1
0.5209 0.62885 1
0.45804 0.53138 1
0.46328 0.41589 1
0.96582 0.49203 1
0.29496 0.54798 1
0.42233 0.51461 1
0.62104 0.32384 1
0.63528 0.43227 1
0.3673 0.52738 1
0.26644 0.38142 1
0.5383 0.61938 1
0.8109 0.50216 1
0.5275 0.53517 1
0.55292 0.52505 1
0.34691 0.35125 1
0.57298 0.57966 1
0.56399 0.55187 1
0.59941 0.26707 1
0.40448 0.65536 1
0.26785 0.59321 1
0.40166 0.45423 1
0.60966 0.48837 1
0.57202 0.59116 1
0.47723 0.66503 1
0.31002 0.4104 1
0.38896 0.35611 1
0.6387 0.54666 1
0.48509 0.48901 1
0.79608 0.47348 1
0.3855 0.45904 1
0.54277 0.38996 1
0.29181 0.50497 1
0.57629 0.42576 1
0.37316 0.54683 1
0.394 0.42236 1
0.48359 0.39341 1
0.43094 0.333 1
0.43091 0.3007 1
0.53696 0.34493 1
0.39601 0.41302 1
0.27706 0.42893 1
0.53483 0.32012 1
0.55975 0.46569 1
0.44629 0.44912 1
0.37159 0.6218 1
0.31152 0.51213 1
0.46046 0.66923 1
0.48506 0.50766 1
0.36745 0.38227 1
0.4555 0.2931 1
0.4016 0.45991 1
0.49366 0.4187 1
0.69059 0.47716 1
0.28244 0.39656 1
0.33732 0.57659 1
0.57613 0.28132 1
0.4929 0.29255 1
0.40212 0.58779 1
0.83158 0.43602 1
0.53081 0.23318 1
0.39695 0.51044 1
0.4853 0.56822 1
0.52496 0.40993 1
0.50856 0.22788 1
0.63405 0.46525 1
0.7713 0.72878 1
0.58861 0.34107 1
0.38355 0.53867 1
0.51395 0.5823 1
0.64695 0.38411 1
0.47127 0.46398 1
0.40625 0.27893 1
0.60085 0.29553 1
0.45335 0.42968 1
0.45357 0.32411 1
0.56841 0.5651 1
0.53788 0.34275 1
0.65855 0.66804 1
0.52659 0.49802 1
0.55224 0.45941 1
0.60332 0.39894 1
0.21242 0.47701 1
0.30263 0.4997 1
0.45661 0.35675 1
0.49529 0.48302 1
0.53463 0.34183 1
0.37778 0.42211 1
0.30641 0.63491 1
0.43108 0.46636 1
0.41259 0.33907 1
0.55654 0.42248 1
0.5606 0.65799 1
0.5505 0.47729 1
0.67487 0.34936 1
0.61412 0.17008 1
0.44718 0.20972 1
0.29494 0.30928 1
0.42077 0.55562 1
0.3014 0.3473 1
0.404 0.3425 1
0.51492 0.39467 1
0.49277 0.60364 1
0.72597 0.46124 1
0.31068 0.43057 1
0.62584 0.25539 1
0.37457 0.38578 1
0.45473 0.48935 1
0.36695 0.54221 1
0.38313 0.53592 1
0.37626 0.56889 1
0.49923 0.48739 1
0.28589 0.47996 1
0.68332 0.47378 1
0.52015 0.45405 1
0.65842 0.27087 1
0.75572 0.44699 1
0.37127 0.56116 1
0.64306 0.55847 1
0.46741 0.80414 1
0.36323 0.54978 1
0.42131 0.36286 1
0.45649 0.38626 1
0.13838 0.41395 1
0.5175 0.68153 1
0.3574 0.35207 1
0.62058 0.46234 1
0.61487 0.60229 1
0.57027 0.42484 1
0.36757 0.46889 1
0.74484 0.84825 1
0.6424 0.66275 1
0.6674 0.28038 1
0.32857 0.68989 1
0.45536 0.35354 1
0.39918 0.37981 1
0.31306 0.45895 1
0.40093 0.54756 1
0.41767 0.51267 1
0.53414 0.594 1
0.60366 0.44182 1
0.50934 0.34413 1
0.47655 0.37152 1
0.29125 0.35796 1
0.35373 0.34706 1
0.47895 0.44905 1
0.59529 0.54 1
0.57945 0.46791 1
0.51273 0.79418 1
0.63314 0.37787 1
0.53726 0.51791 1
0.44398 0.47928 1
0.34367 0.61961 1
0.3046 0.63747 1
0.21739 0.25624 1
0.27689 0.51058 1
0.35007 0.53037 1
0.49287 0.35078 1
0.40264 0.57291 1
0.38917 0.39524 1
0.63595 0.22613 1
0.46592 0.50547 1
0.42208 0.52518 1
0.47118 0.34712 1
0.63337 0.56263 1
0.43849 0.19813 1
0.34038 0.13706 1
0.42389 0.30803 1
0.55413 0.42761 1
0.35622 0.50701 1
0.66978 0.17323 1
0.55606 0.46535 1
0.32933 0.29748 1
0.61925 0.44164 1
0.39164 0.72571 1
0.41833 0.37956 1
0.32647 0.30755 1
0.66779 0.49342 1
0.24724 0.38962 1
0.70102 0.61113 1
0.64685 0.45848 1
0.55612 0.62661 1
0.4981 0.35824 1
0.28999 0.52061 1
0.61277 0.28817 1
0.4384 0.3433 1
0.34915 0.42582 1
0.47154 0.31191 1
0.52373 0.327 1
0.36802 0.55276 1
0.33567 0.47185 1
0.54625 0.22375 1
0.24038 0.4828 1
0.52109 0.58303 1
0.39081 0.43176 1
0.64583 0.42104 1
0.52591 0.42333 1
0.72343 0.33812 1
0.42699 0.2977 1
0.51632 0.49341 1
0.31138 0.66325 1
0.44505 0.38483 1
0.46324 0.50504 1
0.4302 0.55918 1
0.27331 0.35013 1
0.49981 0.25216 1
0.47254 0.36266 1
0.39478 0.39597 1
0.80439 0.39368 1
0.5717 0.21359 1
0.31547 0.47465 1
0.52725 0.46596 1
0.27332 0.4086 1
0.6319 0.26308 1
0.54899 0.31518 1
0.42515 0.49594 1
0.39329 0.60892 1
0.35791 0.57906 1
0.35174 0.61825 1
0.34071 0.19078 1
0.51869 0.48198 1
0.53843 0.34299 1
0.46148 0.53018 1
0.36253 0.41008 1
0.40849 0.7696 1
0.41999 0.34973 1
0.52121 0.44121 1
0.48885 0.37381 1
0.38807 0.46218 1
0.31662 0.64257 1
0.54673 0.53824 1
0.4989 0.45556 1
0.67332 0.24692 1
0.51726 0.44487 1
0.35492 0.55051 1
0.22301 0.35086 1
0.44249 0.70399 1
0.50972 0.33654 1
0.32717 0.60901 1
0.44492 0.48237 1
0.20477 0.27429 1
0.27204 0.39769 1
0.56759 0.48373 1
0.42931 0.36223 1
0.45067 0.52975 1
0.35918 0.40281 1
0.47589 0.65844 1
0.51876 0.78426 1
0.57116 0.5151 1
0.47315 0.50118 1
0.57404 0.33737 1
0.60977 0.46638 1
0.63859 0.605 1
0.15912 0.64489 1
0.59955 0.09725 1
0.74255 0.28892 1
0.68979 0.5545 1
0.51253 0.47331 1
0.3364 0.39681 1
0.33231 0.49756 1
0.57397 0.19896 1
0.28283 0.1782 1
0.67524 0.5117 1
0.78422 0.07528 1
0.45769 0.36566 1
0.6454 0.40875 1
0.4893 0.67425 1
0.21126 0.33034 1
0.42409 0.51819 1
0.16823 0.50825 1
0.66405 0.23585 1
0.39675 0.43819 1
0.40332 0.67648 1
0.60893 0.67368 1
0.23174 0.31753 1
0.67875 0.41075 1
0.36606 0.41318 1
0.45798 0.5917 1
0.45355 0.73484 1
0.59957 0.53215 1
0.36737 0.3398 1
0.46913 0.25895 1
0.37382 0.36985 1
0.46295 0.38047 1
0.36451 0.39962 1
0.3399 0.34148 1
0.70013 0.39189 1
0.2817 0.19258 1
0.47514 0.45619 1
0.6166 0.30402 1
0.36466 0.36739 1
0.26895 0.4229 1
0.2312 0.45644 1
0.18166 0.11113 1
0.39304 0.58605 1
0.38547 0.49941 1
0.44158 0.56825 1
0.57301 0.24371 1
0.70949 0.50383 1
0.4966 0.33741 1
0.44233 0.46328 1
0.56662 0.53041 1
0.33862 0.32846 1
0.19335 0.52472 1
0.62548 0.41333 1
0.47931 0.48357 1
0.72223 0.67935 1
0.57283 0.26339 1
0.47184 0.36974 1
0.33911 0.60994 1
0.51074 0.30148 1
0.31815 0.3261 1
0.61835 0.63569 1
0.53713 0.38232 1
0.36341 0.38536 1
0.35946 0.47726 1
0.48577 0.62011 1
0.6088 0.31357 1
0.42025 0.80265 1
0.33224 0.43425 1
0.41949 0.42458 1
0.57235 0.2864 1
0.42219 0.70796 1
0.89695 0.47772 1
0.39916 0.52253 1
0.47557 0.57877 1
0.25598 0.44393 1
0.39407 0.50921 1
0.40464 0.44894 1
0.61563 0.41853 1
0.61873 0.38241 1
0.23473 0.59171 1
0.52316 0.69601 1
0.45298 0.30097 1
0.5123 0.32647 1
0.68442 0.37211 1
0.3854 0.62319 1
0.40475 0.47091 1
0.74099 0.73255 1
0.47378 0.47461 1
0.18873 0.62364 1
0.60311 0.39219 1
0.42774 0.60883 1
0.73721 0.30586 1
0.4653 0.66286 1
0.12629 0.24496 1
0.53481 0.35025 1
0.47232 0.39505 1
0.5186 0.61359 1
0.26736 0.69927 1
0.51144 0.45124 1
0.36032 0.40815 1
0.44165 0.28419 1
0.6128 0.38393 1
0.49295 0.52904 1
0.43273 0.33039 1
0.78003 0.33921 1
0.47188 0.35743 1
0.48448 0.32174 1
0.46804 0.49453 1
0.43158 0.38868 1
0.78754 0.43511 1
0.445 0.57339 1
0.37649 0.52234 1
0.52551 0.48254 1
0.62184 0.63268 1
0.62259 0.45544 1
0.55264 0.44363 1
0.43236 0.70773 1
0.49668 0.55624 1
0.32025 0.4672 1
0.37602 0.36576 1
0.31011 0.48317 1
0.3617 0.68202 1
0.29442 0.25696 1
0.36186 0.26096 1
0.54473 0.41841 1
0.49249 0.46437 1
0.38027 0.64667 1
0.28556 0.32796 1
0.20652 0.66147 1
0.64012 0.36847 1
0.46337 0.65474 1
0.54084 0.58045 1
0.47101 0.44485 1
0.17513 0.66681 1
0.51672 0.33565 1
0.24089 0.64245 1
0.40402 0.21759 1
0.31605 0.31655 1
0.68318 0.56557 1
0.65607 0.4251 1
0.47335 0.51792 1
0.70233 0.30958 1
0.52498 0.29162 1
0.72821 0.52462 1
0.04373 0.39008 1
0.29282 0.65161 1
0.40047 0.41294 1
0.58535 0.4552 1
0.62601 0.57429 1
0.49942 0.43062 1
0.44098 0.39194 1
0.84767 0.49714 1
0.21138 0.6143 1
0.72238 0.63659 1
0.52818 0.28368 1
0.34423 0.32607 1
0.74328 0.41756 1
0.4887 0.53475 1
0.62005 0.66671 1
0.34961 0.60077 1
0.59617 0.44636 1
0.05406 0.30539 1
0.48533 0.47091 1
0.5016 0.43029 1
0.52022 0.29841 1
0.3009 0.43429 1
0.47071 0.612 1
0.59115 0.41604 1
0.37907 0.69491 1
0.12735 0.47639 1
0.367 0.39699 1
0.50519 0.36396 1
0.56028 0.50941 1
0.54578 0.5294 1
0.56097 0.43325 1
0.47439 0.27784 1
0.3928 0.26123 1
0.46711 0.58565 1
0.3583 0.41914 1
0.43125 0.41246 1
0.63456 0.65653 1
0.4532 0.61025 1
0.40037 0.52295 1
0.49141 0.24557 1
0.64941 0.29942 1
0.42153 0.43776 1
0.35489 0.47175 1
0.57803 0.54793 1
0.62976 0.52652 1
0.26168 0.13148 1
0.46585 0.24296 1
0.42428 0.52043 1
0.5188 0.48803 1
0.69434 0.24663 1
0.30429 0.4266 1
0.36983 0.22224 1
0.37112 0.44544 1
0.38834 0.3086 1
0.54923 0.45959 1
0.43616 0.60766 1
0.43521 0.40946 1
0.55451 0.2719 1
0.82761 0.43988 1
0.38555 0.44416 1
0.37292 0.28259 1
0.52326 0.47234 1
0.46204 0.65206 1
0.39893 0.55992 1
0.50729 0.48145 1
0.45048 0.48256 1
0.67114 0.39695 1
0.42908 0.5564 1
0.52971 0.5805 1
0.34172 0.71658 1
0.64731 0.72244 1
0.41141 0.50064 1
0.2548 0.5623 1
0.47941 0.40899 1
0.24443 0.48043 1
0.49424 0.64185 1
0.67293 0.45754 1
0.48612 0.38736 1
0.3799 0.39118 1
0.64779 0.5579 1
0.49568 0.34805 1
0.52502 0.27191 1
0.62911 0.31897 1
0.39658 0.77406 1
0.47716 0.43135 1
0.46376 0.437 1
0.32376 0.57707 1
0.67238 0.34181 1
0.28694 0.48697 1
0.33136 0.63608 1
0.54791 0.50929 1
0.46431 0.68713 1
0.57534 0.25648 1
0.48137 0.34232 1
0.37487 0.45824 1
0.59003 0.54362 1
0.35195 0.5685 1
0.41902 0.48782 1
0.42665 0.50871 1
